0.00049 0.00058 0.00067 0.00071 0.00037 0.00120 0.00110 0.00102 0.00077 0.99309
0.00161 0.00091 0.00220 0.00140 0.00536 0.01734 0.96395 0.00223 0.00344 0.00157
0.02666 0.00424 0.01518 0.71314 0.00694 0.18863 0.00768 0.01253 0.01936 0.00564
0.00795 0.00380 0.01280 0.01130 0.02878 0.01458 0.88127 0.01103 0.02044 0.00805
0.00160 0.00090 0.00219 0.00139 0.00533 0.01728 0.96409 0.00222 0.00343 0.00157
0.81705 0.00106 0.00592 0.00220 0.00233 0.12922 0.03634 0.00211 0.00222 0.00157
0.81684 0.00106 0.00593 0.00221 0.00233 0.12944 0.03631 0.00211 0.00222 0.00157
0.81936 0.00105 0.00581 0.00217 0.00230 0.12671 0.03678 0.00208 0.00219 0.00155
0.00156 0.00088 0.00213 0.00135 0.00519 0.01712 0.96473 0.00217 0.00334 0.00152
0.00049 0.00058 0.00067 0.00071 0.00037 0.00120 0.00110 0.00103 0.00077 0.99307
0.00156 0.00088 0.00213 0.00135 0.00519 0.01712 0.96474 0.00217 0.00334 0.00152
0.00020 0.00072 0.99212 0.00144 0.00069 0.00087 0.00113 0.00073 0.00104 0.00107
0.25467 0.01209 0.38147 0.09082 0.07554 0.04401 0.02193 0.03866 0.05328 0.02753
0.00334 0.00233 0.01128 0.05029 0.71333 0.01706 0.00318 0.14822 0.00544 0.04552
0.84242 0.00098 0.00445 0.00189 0.00215 0.09976 0.04285 0.00200 0.00203 0.00148
0.02928 0.00552 0.01918 0.69454 0.00920 0.18440 0.00967 0.01432 0.02652 0.00737
0.00277 0.98287 0.00179 0.00161 0.00342 0.00164 0.00141 0.00102 0.00204 0.00142
0.09109 0.01209 0.55574 0.05266 0.09705 0.04153 0.02017 0.03844 0.05677 0.03446
0.00059 0.00065 0.00079 0.00085 0.00046 0.00142 0.00124 0.00160 0.00092 0.99147
0.00157 0.00088 0.00213 0.00135 0.00520 0.01713 0.96469 0.00217 0.00335 0.00153
0.00020 0.00072 0.99214 0.00144 0.00068 0.00086 0.00112 0.00073 0.00104 0.00106
0.00020 0.00072 0.99208 0.00145 0.00069 0.00088 0.00113 0.00073 0.00105 0.00107
0.00040 0.00046 0.00402 0.00310 0.92254 0.00109 0.00078 0.01100 0.00066 0.05595
0.00051 0.00060 0.00070 0.00074 0.00039 0.00125 0.00114 0.00106 0.00081 0.99280
0.00159 0.00089 0.00216 0.00137 0.00527 0.01725 0.96434 0.00220 0.00339 0.00154
0.00023 0.00076 0.99147 0.00153 0.00077 0.00097 0.00121 0.00080 0.00111 0.00115
0.83309 0.00100 0.00549 0.00206 0.00219 0.11638 0.03423 0.00199 0.00207 0.00149
0.04202 0.01038 0.04486 0.36001 0.04166 0.36109 0.02033 0.02639 0.07186 0.02140
0.02583 0.01357 0.03111 0.41563 0.02861 0.00969 0.01173 0.03060 0.41804 0.01519
0.03665 0.00849 0.02846 0.63125 0.01456 0.19336 0.01419 0.01861 0.04304 0.01140
0.00039 0.00085 0.00042 0.00026 0.00181 0.00028 0.00081 0.99091 0.00339 0.00087
0.81760 0.00105 0.00590 0.00220 0.00233 0.12872 0.03632 0.00210 0.00221 0.00156
0.02134 0.00617 0.03209 0.41422 0.02448 0.42614 0.01252 0.01570 0.03425 0.01310
0.81874 0.00105 0.00584 0.00219 0.00232 0.12766 0.03633 0.00210 0.00220 0.00156
0.00039 0.00086 0.00043 0.00026 0.00183 0.00028 0.00082 0.99081 0.00343 0.00088
0.00049 0.00058 0.00067 0.00071 0.00037 0.00120 0.00110 0.00103 0.00077 0.99309
0.00546 0.00249 0.01818 0.11815 0.00736 0.82706 0.00403 0.00521 0.00751 0.00454
0.81946 0.00105 0.00582 0.00218 0.00231 0.12684 0.03650 0.00209 0.00220 0.00156
0.81628 0.00107 0.00585 0.00220 0.00237 0.12970 0.03653 0.00215 0.00226 0.00159
0.00039 0.00086 0.00043 0.00026 0.00182 0.00028 0.00081 0.99084 0.00342 0.00088
0.81711 0.00106 0.00591 0.00220 0.00233 0.12914 0.03636 0.00211 0.00222 0.00157
0.00499 0.00831 0.00523 0.00554 0.00582 0.00817 0.00426 0.02903 0.92378 0.00486
0.00238 0.98509 0.00156 0.00140 0.00298 0.00144 0.00126 0.00088 0.00175 0.00125
0.81679 0.00106 0.00593 0.00221 0.00233 0.12949 0.03631 0.00211 0.00222 0.00157
0.00039 0.00086 0.00043 0.00026 0.00182 0.00028 0.00081 0.99087 0.00341 0.00088
0.00239 0.98507 0.00156 0.00141 0.00298 0.00144 0.00126 0.00088 0.00175 0.00125
0.81787 0.00105 0.00589 0.00220 0.00233 0.12846 0.03633 0.00210 0.00221 0.00156
0.00050 0.00054 0.00387 0.00270 0.92426 0.00119 0.00092 0.01053 0.00085 0.05463
0.00043 0.00105 0.98706 0.00207 0.00145 0.00168 0.00174 0.00131 0.00147 0.00175
0.81753 0.00105 0.00590 0.00220 0.00232 0.12872 0.03640 0.00210 0.00221 0.00156
0.00462 0.00768 0.00526 0.03266 0.00639 0.00789 0.00407 0.02364 0.90283 0.00496
0.00374 0.00166 0.01320 0.16974 0.00480 0.79337 0.00294 0.00396 0.00343 0.00315
0.04117 0.77634 0.02430 0.02066 0.04160 0.01826 0.01179 0.01662 0.03421 0.01505
0.45179 0.01271 0.17379 0.05361 0.08764 0.04916 0.02431 0.04501 0.07176 0.03020
0.81754 0.00105 0.00590 0.00220 0.00233 0.12873 0.03637 0.00210 0.00221 0.00156
0.00165 0.00093 0.00226 0.00145 0.00551 0.01747 0.96327 0.00229 0.00355 0.00162
0.00443 0.00190 0.01428 0.18954 0.00568 0.76849 0.00340 0.00452 0.00413 0.00364
0.00075 0.00076 0.00097 0.00107 0.00063 0.00176 0.00143 0.00315 0.00114 0.98834
0.00024 0.00079 0.99098 0.00160 0.00081 0.00113 0.00125 0.00083 0.00119 0.00119
0.81930 0.00105 0.00582 0.00218 0.00231 0.12695 0.03654 0.00209 0.00219 0.00156
0.00053 0.00061 0.00072 0.00077 0.00041 0.00129 0.00116 0.00125 0.00083 0.99246
0.82237 0.00104 0.00569 0.00214 0.00229 0.12401 0.03666 0.00208 0.00217 0.00154
0.00490 0.00265 0.00779 0.00785 0.89627 0.00693 0.00437 0.01653 0.00889 0.04384
0.02456 0.00764 0.75758 0.02514 0.05116 0.04855 0.01409 0.02343 0.03192 0.01592
0.81787 0.00105 0.00589 0.00220 0.00233 0.12851 0.03627 0.00211 0.00221 0.00157
0.00047 0.00057 0.00065 0.00069 0.00036 0.00117 0.00108 0.00096 0.00075 0.99329
0.00250 0.98443 0.00163 0.00147 0.00311 0.00150 0.00131 0.00092 0.00184 0.00130
0.01004 0.00423 0.88226 0.01392 0.01798 0.03371 0.00810 0.00985 0.01084 0.00906
0.00020 0.00072 0.99208 0.00145 0.00069 0.00088 0.00113 0.00073 0.00105 0.00107
0.00236 0.98520 0.00154 0.00139 0.00296 0.00143 0.00126 0.00087 0.00174 0.00124
0.00085 0.00553 0.00112 0.00519 0.00131 0.00293 0.00142 0.02438 0.95536 0.00191
0.02684 0.00427 0.01528 0.71131 0.00699 0.18985 0.00772 0.01256 0.01950 0.00568
0.00039 0.00086 0.00043 0.00026 0.00183 0.00028 0.00081 0.99084 0.00342 0.00088
0.00020 0.00072 0.99214 0.00144 0.00068 0.00086 0.00113 0.00073 0.00104 0.00107
0.81765 0.00106 0.00589 0.00220 0.00233 0.12870 0.03628 0.00211 0.00222 0.00157
0.00052 0.00061 0.00071 0.00076 0.00040 0.00128 0.00115 0.00117 0.00082 0.99256
0.81809 0.00105 0.00589 0.00220 0.00233 0.12844 0.03612 0.00210 0.00221 0.00156
0.00239 0.98505 0.00156 0.00141 0.00299 0.00144 0.00127 0.00088 0.00176 0.00125
0.19135 0.02483 0.14136 0.05755 0.11846 0.23384 0.04315 0.05615 0.09055 0.04277
0.00296 0.98176 0.00191 0.00172 0.00363 0.00174 0.00149 0.00109 0.00219 0.00151
0.00022 0.00076 0.99137 0.00155 0.00076 0.00108 0.00120 0.00079 0.00114 0.00114
0.81739 0.00106 0.00589 0.00220 0.00233 0.12887 0.03636 0.00211 0.00222 0.00157
0.00043 0.00089 0.00046 0.00028 0.00199 0.00030 0.00086 0.99030 0.00358 0.00092
0.00037 0.00097 0.98759 0.00216 0.00121 0.00180 0.00156 0.00114 0.00167 0.00154
0.82238 0.00123 0.00373 0.00225 0.00300 0.09798 0.06178 0.00281 0.00286 0.00198
0.00181 0.00106 0.00262 0.00178 0.00624 0.01751 0.96039 0.00261 0.00411 0.00188
0.00039 0.00086 0.00043 0.00026 0.00182 0.00028 0.00081 0.99086 0.00341 0.00088
0.01080 0.01057 0.01224 0.16432 0.01356 0.00731 0.00656 0.03309 0.73308 0.00847
0.00022 0.00076 0.99148 0.00154 0.00076 0.00099 0.00119 0.00079 0.00113 0.00114
0.81856 0.00105 0.00586 0.00219 0.00232 0.12780 0.03636 0.00210 0.00220 0.00156
0.00047 0.00057 0.00065 0.00069 0.00036 0.00117 0.00108 0.00096 0.00075 0.99329
0.81961 0.00105 0.00581 0.00218 0.00231 0.12682 0.03638 0.00209 0.00220 0.00156
0.06931 0.02401 0.13023 0.05777 0.49636 0.04560 0.02372 0.05409 0.05259 0.04632
0.00956 0.01059 0.00971 0.00919 0.01236 0.01442 0.00688 0.03061 0.88866 0.00803
0.00020 0.00072 0.99210 0.00144 0.00069 0.00087 0.00113 0.00073 0.00104 0.00107
0.81713 0.00106 0.00592 0.00220 0.00233 0.12917 0.03630 0.00211 0.00221 0.00157
0.00039 0.00086 0.00043 0.00026 0.00183 0.00028 0.00082 0.99083 0.00342 0.00088
0.81723 0.00106 0.00591 0.00220 0.00233 0.12907 0.03632 0.00210 0.00221 0.00157
0.82568 0.00103 0.00568 0.00212 0.00225 0.12216 0.03538 0.00204 0.00214 0.00152
0.00047 0.00057 0.00065 0.00069 0.00036 0.00117 0.00108 0.00096 0.00075 0.99330
0.81943 0.00105 0.00583 0.00218 0.00231 0.12704 0.03632 0.00209 0.00219 0.00155
0.00635 0.00319 0.01058 0.00937 0.02118 0.01235 0.90402 0.00917 0.01703 0.00676
0.00039 0.00086 0.00043 0.00026 0.00182 0.00028 0.00081 0.99087 0.00341 0.00088
0.02820 0.00489 0.01615 0.71276 0.00815 0.17968 0.00864 0.01378 0.02114 0.00661
0.81752 0.00105 0.00589 0.00220 0.00233 0.12870 0.03643 0.00210 0.00221 0.00156
0.00053 0.00099 0.00056 0.00034 0.00236 0.00036 0.00098 0.98852 0.00426 0.00109
0.00020 0.00072 0.99215 0.00144 0.00068 0.00086 0.00112 0.00073 0.00104 0.00106
0.00213 0.00661 0.00249 0.01140 0.00274 0.00465 0.00256 0.01906 0.94574 0.00262
0.00467 0.00236 0.00464 0.00578 0.00436 0.00712 0.00424 0.01845 0.00584 0.94254
0.00393 0.00232 0.00547 0.00720 0.91938 0.00767 0.00390 0.01270 0.00679 0.03063
0.01035 0.00225 0.00651 0.87938 0.00349 0.07231 0.00401 0.01045 0.00797 0.00329
0.02665 0.00425 0.01518 0.71344 0.00695 0.18831 0.00768 0.01254 0.01936 0.00565
0.00048 0.00057 0.00066 0.00070 0.00037 0.00118 0.00109 0.00098 0.00076 0.99320
0.00048 0.00058 0.00067 0.00071 0.00037 0.00120 0.00110 0.00102 0.00077 0.99312
0.00045 0.00091 0.00048 0.00029 0.00206 0.00031 0.00088 0.99000 0.00368 0.00095
0.82028 0.00104 0.00575 0.00216 0.00230 0.12565 0.03700 0.00208 0.00218 0.00155
0.00454 0.00192 0.01414 0.20245 0.00578 0.75521 0.00351 0.00463 0.00411 0.00371
0.00092 0.00087 0.00106 0.00113 0.00074 0.00188 0.00165 0.00229 0.00135 0.98810
0.00053 0.00061 0.00073 0.00078 0.00042 0.00130 0.00117 0.00132 0.00084 0.99230
0.00159 0.00089 0.00216 0.00137 0.00526 0.01724 0.96436 0.00220 0.00339 0.00154
0.00136 0.00601 0.00174 0.00423 0.00199 0.00388 0.00198 0.02446 0.95193 0.00242
0.00442 0.00190 0.01428 0.18159 0.00566 0.77651 0.00337 0.00446 0.00420 0.00362
0.19523 0.02167 0.07839 0.07571 0.14554 0.06111 0.03784 0.14246 0.18694 0.05511
0.81714 0.00106 0.00592 0.00220 0.00233 0.12915 0.03632 0.00211 0.00221 0.00157
0.00158 0.00089 0.00216 0.00137 0.00525 0.01716 0.96447 0.00219 0.00338 0.00154
0.00079 0.00548 0.00104 0.00518 0.00123 0.00282 0.00134 0.02463 0.95565 0.00185
0.00467 0.00203 0.01556 0.14737 0.00613 0.80723 0.00364 0.00456 0.00503 0.00378
0.00159 0.00096 0.00236 0.00160 0.00548 0.01607 0.96414 0.00236 0.00372 0.00171
0.00240 0.98501 0.00156 0.00141 0.00300 0.00145 0.00127 0.00089 0.00176 0.00126
0.00161 0.00119 0.00430 0.00133 0.93251 0.00152 0.00204 0.00745 0.00287 0.04519
0.06670 0.02344 0.04611 0.05231 0.07730 0.06894 0.02743 0.06128 0.54377 0.03272
0.17958 0.02318 0.18505 0.07349 0.20755 0.07080 0.03574 0.06135 0.10679 0.05647
0.83644 0.00100 0.00535 0.00203 0.00218 0.11340 0.03407 0.00199 0.00206 0.00149
0.00239 0.98505 0.00156 0.00141 0.00299 0.00144 0.00127 0.00088 0.00176 0.00125
0.00034 0.00095 0.98829 0.00209 0.00111 0.00154 0.00152 0.00107 0.00161 0.00148
0.02693 0.00882 0.02222 0.02732 0.05976 0.03027 0.01320 0.34567 0.02580 0.44001
0.81816 0.00105 0.00588 0.00219 0.00232 0.12820 0.03631 0.00210 0.00221 0.00156
0.81708 0.00106 0.00592 0.00220 0.00233 0.12922 0.03630 0.00211 0.00222 0.00157
0.00039 0.00086 0.00043 0.00026 0.00183 0.00028 0.00082 0.99081 0.00344 0.00088
0.00039 0.00086 0.00043 0.00026 0.00181 0.00028 0.00081 0.99090 0.00340 0.00087
0.00738 0.00319 0.00706 0.00968 0.01369 0.01201 0.00524 0.12176 0.00801 0.81198
0.00157 0.00088 0.00214 0.00136 0.00522 0.01717 0.96458 0.00218 0.00336 0.00153
0.00156 0.00088 0.00213 0.00135 0.00519 0.01712 0.96472 0.00217 0.00334 0.00152
0.02701 0.00434 0.01541 0.71147 0.00712 0.18860 0.00783 0.01270 0.01974 0.00578
0.03071 0.00532 0.01752 0.69143 0.00889 0.19221 0.00933 0.01435 0.02308 0.00716
0.88610 0.00314 0.00659 0.01149 0.01342 0.01899 0.03112 0.00985 0.01235 0.00696
0.00047 0.00093 0.00050 0.00031 0.00212 0.00033 0.00091 0.98936 0.00404 0.00103
0.07509 0.02258 0.07226 0.34811 0.08133 0.13297 0.06024 0.05125 0.11311 0.04306
0.81872 0.00105 0.00584 0.00218 0.00231 0.12744 0.03660 0.00209 0.00220 0.00156
0.00053 0.00061 0.00072 0.00077 0.00041 0.00129 0.00117 0.00121 0.00084 0.99245
0.00157 0.00088 0.00213 0.00135 0.00520 0.01713 0.96469 0.00217 0.00335 0.00153
0.00020 0.00073 0.99195 0.00147 0.00070 0.00090 0.00114 0.00074 0.00106 0.00109
0.00021 0.00073 0.99189 0.00147 0.00071 0.00091 0.00115 0.00075 0.00107 0.00110
0.00032 0.00039 0.00444 0.00611 0.92478 0.00141 0.00066 0.01175 0.00052 0.04960
0.00365 0.00778 0.00398 0.00729 0.00437 0.00639 0.00359 0.02159 0.93766 0.00370
0.00079 0.00078 0.00100 0.00109 0.00063 0.00177 0.00149 0.00221 0.00120 0.98904
0.00242 0.98490 0.00158 0.00142 0.00302 0.00145 0.00128 0.00089 0.00178 0.00127
0.87465 0.00111 0.00411 0.00207 0.00267 0.07943 0.02926 0.00249 0.00242 0.00179
0.00237 0.98519 0.00154 0.00139 0.00296 0.00143 0.00126 0.00087 0.00174 0.00124
0.84017 0.00099 0.00518 0.00198 0.00216 0.10966 0.03439 0.00197 0.00203 0.00147
0.83266 0.00518 0.01658 0.01732 0.02955 0.02304 0.01982 0.01898 0.02443 0.01243
0.00055 0.00063 0.00075 0.00080 0.00042 0.00133 0.00119 0.00121 0.00087 0.99225
0.82498 0.00103 0.00568 0.00213 0.00227 0.12257 0.03558 0.00206 0.00215 0.00153
0.00189 0.00125 0.00334 0.00266 0.00670 0.01310 0.96015 0.00319 0.00533 0.00239
0.11083 0.02123 0.06817 0.06877 0.10227 0.05779 0.03294 0.15760 0.15747 0.22293
0.00026 0.00082 0.99067 0.00164 0.00088 0.00111 0.00130 0.00089 0.00118 0.00126
0.00049 0.00058 0.00068 0.00072 0.00038 0.00121 0.00111 0.00102 0.00078 0.99304
0.81970 0.00105 0.00581 0.00217 0.00232 0.12663 0.03647 0.00210 0.00220 0.00156
0.02757 0.00490 0.01733 0.70841 0.00812 0.18169 0.00871 0.01343 0.02329 0.00655
0.02513 0.00406 0.01443 0.72908 0.00664 0.17712 0.00736 0.01234 0.01841 0.00542
0.00029 0.00036 0.00462 0.00469 0.92230 0.00107 0.00060 0.01150 0.00045 0.05412
0.82064 0.00104 0.00582 0.00217 0.00230 0.12633 0.03588 0.00208 0.00219 0.00155
0.00050 0.00059 0.00069 0.00073 0.00039 0.00124 0.00112 0.00110 0.00079 0.99284
0.82257 0.00109 0.00590 0.00221 0.00244 0.12644 0.03320 0.00222 0.00231 0.00163
0.00049 0.00053 0.00418 0.00377 0.92154 0.00136 0.00089 0.01135 0.00081 0.05508
0.81684 0.00106 0.00593 0.00221 0.00233 0.12945 0.03630 0.00211 0.00222 0.00157
0.00234 0.00807 0.00275 0.00587 0.00317 0.00522 0.00284 0.02960 0.93698 0.00317
0.03010 0.00956 0.03197 0.02881 0.06954 0.07080 0.66170 0.02811 0.04963 0.01977
0.81370 0.00113 0.00562 0.00218 0.00257 0.13152 0.03683 0.00234 0.00243 0.00169
0.00027 0.00035 0.00430 0.00470 0.92419 0.00108 0.00059 0.01127 0.00043 0.05281
0.00238 0.98509 0.00156 0.00140 0.00298 0.00144 0.00126 0.00088 0.00175 0.00125
0.81852 0.00105 0.00586 0.00219 0.00232 0.12785 0.03636 0.00209 0.00220 0.00156
0.13551 0.02115 0.07396 0.06607 0.20622 0.05751 0.07161 0.07363 0.24848 0.04584
0.81591 0.00106 0.00590 0.00220 0.00235 0.12997 0.03666 0.00213 0.00224 0.00158
0.00036 0.00042 0.00504 0.00628 0.91059 0.00127 0.00069 0.01341 0.00055 0.06140
0.83468 0.00098 0.00510 0.00199 0.00215 0.11019 0.03944 0.00197 0.00203 0.00147
0.00157 0.00088 0.00214 0.00135 0.00521 0.01714 0.96463 0.00218 0.00336 0.00153
0.00041 0.00047 0.00406 0.00409 0.92475 0.00134 0.00080 0.01110 0.00069 0.05230
0.00240 0.98502 0.00156 0.00141 0.00300 0.00144 0.00127 0.00088 0.00176 0.00126
0.00039 0.00044 0.00542 0.00595 0.91741 0.00134 0.00071 0.01268 0.00060 0.05506
0.00239 0.98505 0.00156 0.00141 0.00299 0.00144 0.00127 0.00088 0.00176 0.00125
0.89452 0.00091 0.00228 0.00173 0.00196 0.03457 0.05876 0.00191 0.00186 0.00149
0.00245 0.98472 0.00160 0.00144 0.00306 0.00147 0.00129 0.00090 0.00180 0.00128
0.81680 0.00106 0.00593 0.00221 0.00233 0.12946 0.03632 0.00211 0.00222 0.00157
0.01915 0.00729 0.03411 0.10660 0.49453 0.01710 0.01130 0.08692 0.02604 0.19695
0.00460 0.00198 0.01490 0.17868 0.00594 0.77747 0.00349 0.00462 0.00455 0.00376
0.00040 0.00086 0.00043 0.00026 0.00184 0.00028 0.00082 0.99076 0.00345 0.00089
0.00022 0.00075 0.99166 0.00152 0.00074 0.00094 0.00118 0.00077 0.00111 0.00112
0.71309 0.00763 0.04204 0.02236 0.04590 0.05848 0.02120 0.02771 0.04381 0.01779
0.00164 0.00093 0.00226 0.00145 0.00548 0.01740 0.96340 0.00228 0.00354 0.00162
0.02234 0.00399 0.01364 0.75980 0.00656 0.15073 0.00718 0.01242 0.01794 0.00540
0.13256 0.29426 0.07111 0.05991 0.13464 0.05063 0.03032 0.06358 0.11858 0.04441
0.00079 0.00548 0.00105 0.00510 0.00124 0.00283 0.00135 0.02468 0.95562 0.00186
0.81816 0.00105 0.00587 0.00219 0.00232 0.12802 0.03654 0.00209 0.00220 0.00156
0.00384 0.00169 0.01329 0.17358 0.00492 0.78891 0.00301 0.00404 0.00351 0.00322
0.81822 0.00105 0.00587 0.00219 0.00232 0.12795 0.03656 0.00209 0.00220 0.00156
0.00238 0.98512 0.00155 0.00140 0.00297 0.00143 0.00126 0.00088 0.00175 0.00125
0.00087 0.00556 0.00115 0.00525 0.00135 0.00299 0.00144 0.02445 0.95501 0.00194
0.81761 0.00105 0.00590 0.00220 0.00233 0.12871 0.03633 0.00210 0.00221 0.00156
0.81830 0.00105 0.00587 0.00219 0.00232 0.12809 0.03629 0.00210 0.00221 0.00156
0.00244 0.98475 0.00159 0.00144 0.00305 0.00147 0.00129 0.00091 0.00179 0.00128
0.01811 0.00319 0.01102 0.80031 0.00530 0.12615 0.00589 0.01141 0.01414 0.00447
0.00088 0.00574 0.00116 0.00522 0.00137 0.00303 0.00145 0.02570 0.95345 0.00198
0.83271 0.00100 0.00539 0.00205 0.00219 0.11510 0.03602 0.00199 0.00207 0.00149
0.00051 0.00120 0.98401 0.00226 0.00181 0.00265 0.00196 0.00157 0.00199 0.00204
0.65484 0.00274 0.00743 0.00925 0.00775 0.00566 0.28706 0.00796 0.01143 0.00588
0.00183 0.00104 0.00255 0.00169 0.00616 0.01815 0.96021 0.00255 0.00400 0.00183
0.42616 0.01683 0.06335 0.05888 0.11313 0.04522 0.05306 0.06067 0.12263 0.04007
0.76881 0.00211 0.00901 0.00354 0.00571 0.16717 0.02991 0.00500 0.00538 0.00337
0.00047 0.00057 0.00066 0.00069 0.00036 0.00117 0.00108 0.00097 0.00075 0.99327
0.81719 0.00106 0.00592 0.00220 0.00233 0.12911 0.03630 0.00211 0.00221 0.00157
0.00053 0.00061 0.00073 0.00077 0.00041 0.00130 0.00117 0.00122 0.00084 0.99242
0.00078 0.00547 0.00104 0.00522 0.00122 0.00281 0.00133 0.02460 0.95567 0.00185
0.85862 0.00094 0.00393 0.00183 0.00194 0.07949 0.04824 0.00182 0.00182 0.00137
0.02658 0.00426 0.01519 0.71469 0.00698 0.18691 0.00770 0.01258 0.01944 0.00567
0.00023 0.00077 0.99125 0.00157 0.00077 0.00106 0.00122 0.00080 0.00116 0.00116
0.00242 0.98490 0.00158 0.00142 0.00302 0.00146 0.00128 0.00089 0.00178 0.00127
0.13530 0.02511 0.12274 0.06019 0.14480 0.06214 0.04829 0.08267 0.27226 0.04650
0.81853 0.00105 0.00586 0.00219 0.00231 0.12770 0.03652 0.00209 0.00220 0.00156
0.02664 0.00424 0.01517 0.71341 0.00694 0.18842 0.00767 0.01253 0.01934 0.00564
0.00022 0.00075 0.99160 0.00153 0.00074 0.00097 0.00118 0.00077 0.00112 0.00112
0.00020 0.00072 0.99205 0.00145 0.00069 0.00088 0.00113 0.00073 0.00105 0.00107
0.00028 0.00035 0.00432 0.00449 0.92338 0.00105 0.00059 0.01133 0.00044 0.05378
0.00270 0.00152 0.00391 0.00281 0.00945 0.02091 0.94607 0.00377 0.00609 0.00277
0.00026 0.00082 0.99043 0.00172 0.00086 0.00119 0.00130 0.00088 0.00128 0.00126
0.00249 0.00159 0.00277 0.00331 0.00212 0.00444 0.00297 0.00773 0.00343 0.96915
0.00159 0.00090 0.00218 0.00138 0.00530 0.01725 0.96422 0.00221 0.00341 0.00156
0.00027 0.00034 0.00433 0.00453 0.92328 0.00103 0.00058 0.01133 0.00042 0.05389
0.00269 0.98331 0.00175 0.00157 0.00334 0.00160 0.00139 0.00098 0.00198 0.00138
0.00406 0.00177 0.01366 0.18338 0.00521 0.77743 0.00316 0.00425 0.00371 0.00338
0.00069 0.00137 0.97231 0.00319 0.00233 0.01098 0.00231 0.00191 0.00251 0.00239
0.00391 0.00172 0.01352 0.17461 0.00503 0.78714 0.00306 0.00411 0.00361 0.00328
0.00711 0.00277 0.01833 0.27546 0.00913 0.66244 0.00508 0.00682 0.00732 0.00553
0.00238 0.98509 0.00156 0.00140 0.00298 0.00144 0.00126 0.00088 0.00175 0.00125
0.00232 0.00126 0.00312 0.00209 0.00778 0.02129 0.95197 0.00310 0.00485 0.00221
0.00027 0.00034 0.00433 0.00455 0.92310 0.00104 0.00058 0.01136 0.00042 0.05399
0.00493 0.00205 0.01476 0.22126 0.00631 0.73345 0.00377 0.00500 0.00447 0.00401
0.09478 0.02479 0.07832 0.20371 0.09513 0.21614 0.05014 0.05817 0.13147 0.04736
0.00237 0.98514 0.00155 0.00140 0.00297 0.00143 0.00126 0.00088 0.00175 0.00125
0.81737 0.00106 0.00591 0.00220 0.00233 0.12905 0.03617 0.00211 0.00222 0.00157
0.00247 0.98457 0.00161 0.00145 0.00309 0.00149 0.00130 0.00092 0.00182 0.00129
0.00111 0.00593 0.00156 0.00358 0.00168 0.00348 0.00171 0.02677 0.95193 0.00225
0.00027 0.00035 0.00437 0.00455 0.92301 0.00104 0.00058 0.01140 0.00043 0.05399
0.11589 0.01671 0.12307 0.05142 0.30239 0.05073 0.02797 0.07479 0.18733 0.04972
0.00768 0.01128 0.00752 0.14099 0.00968 0.00658 0.00553 0.04467 0.75879 0.00727
0.00029 0.00036 0.00441 0.00470 0.92375 0.00109 0.00059 0.01141 0.00045 0.05296
0.00158 0.00089 0.00216 0.00137 0.00525 0.01719 0.96445 0.00219 0.00338 0.00154
0.83058 0.00104 0.00563 0.00211 0.00232 0.11956 0.03288 0.00212 0.00219 0.00156
0.00029 0.00036 0.00451 0.00493 0.92064 0.00109 0.00060 0.01182 0.00045 0.05531
0.00079 0.00548 0.00105 0.00537 0.00124 0.00283 0.00134 0.02455 0.95550 0.00186
0.00028 0.00035 0.00438 0.00457 0.92270 0.00105 0.00059 0.01145 0.00044 0.05420
0.00071 0.00114 0.00072 0.00042 0.00324 0.00043 0.00117 0.98625 0.00472 0.00121
0.00040 0.00086 0.00043 0.00026 0.00184 0.00028 0.00082 0.99079 0.00344 0.00088
0.81685 0.00106 0.00593 0.00221 0.00233 0.12943 0.03630 0.00211 0.00222 0.00157
0.11781 0.02326 0.05334 0.05074 0.08376 0.05211 0.03079 0.07144 0.48196 0.03481
0.15488 0.05259 0.08727 0.06761 0.25133 0.05630 0.03374 0.07894 0.14476 0.07257
0.88870 0.00096 0.00361 0.00182 0.00219 0.06640 0.03072 0.00207 0.00200 0.00153
0.00169 0.00125 0.00191 0.00219 0.00132 0.00317 0.00236 0.00364 0.00241 0.98006
0.00040 0.00101 0.98731 0.00205 0.00135 0.00182 0.00167 0.00124 0.00147 0.00167
0.00092 0.00564 0.00121 0.00496 0.00141 0.00310 0.00149 0.02525 0.95401 0.00201
0.00160 0.00121 0.01865 0.01950 0.80596 0.00360 0.00170 0.03133 0.00199 0.11447
0.00157 0.00088 0.00214 0.00136 0.00522 0.01716 0.96458 0.00218 0.00336 0.00153
0.81741 0.00106 0.00591 0.00220 0.00233 0.12893 0.03628 0.00210 0.00221 0.00157
0.00237 0.98518 0.00155 0.00140 0.00296 0.00143 0.00126 0.00087 0.00174 0.00124
0.00020 0.00072 0.99214 0.00144 0.00068 0.00086 0.00113 0.00073 0.00104 0.00107
0.02631 0.00421 0.01504 0.71676 0.00688 0.18591 0.00761 0.01249 0.01919 0.00560
0.00156 0.00088 0.00213 0.00135 0.00519 0.01712 0.96472 0.00217 0.00334 0.00152
0.00157 0.00088 0.00213 0.00135 0.00520 0.01713 0.96471 0.00217 0.00335 0.00153
0.00157 0.00088 0.00213 0.00135 0.00520 0.01713 0.96471 0.00217 0.00335 0.00153
0.64582 0.00918 0.07953 0.04424 0.06067 0.03234 0.01906 0.03336 0.05375 0.02204
0.02920 0.00497 0.01662 0.70172 0.00825 0.18827 0.00878 0.01380 0.02172 0.00668
0.03549 0.00811 0.72837 0.02605 0.04589 0.07218 0.01546 0.01953 0.03236 0.01656
0.82312 0.00103 0.00564 0.00213 0.00227 0.12281 0.03727 0.00206 0.00215 0.00153
0.00157 0.00089 0.00215 0.00136 0.00523 0.01713 0.96459 0.00219 0.00337 0.00154
0.00160 0.00092 0.00224 0.00145 0.00538 0.01695 0.96408 0.00226 0.00351 0.00161
0.00086 0.00555 0.00114 0.00519 0.00133 0.00297 0.00143 0.02446 0.95514 0.00193
0.00367 0.00337 0.86188 0.01074 0.01103 0.08006 0.00600 0.00666 0.00997 0.00663
0.81820 0.00105 0.00588 0.00219 0.00232 0.12813 0.03637 0.00210 0.00221 0.00156
0.00237 0.98518 0.00155 0.00140 0.00296 0.00143 0.00126 0.00087 0.00174 0.00124
0.00045 0.00092 0.00049 0.00030 0.00205 0.00032 0.00089 0.98974 0.00386 0.00099
0.00047 0.00057 0.00066 0.00070 0.00036 0.00118 0.00109 0.00098 0.00075 0.99324
0.00048 0.00057 0.00066 0.00070 0.00037 0.00119 0.00109 0.00100 0.00076 0.99317
0.00039 0.00086 0.00043 0.00026 0.00183 0.00028 0.00082 0.99081 0.00343 0.00088
0.02688 0.00428 0.01531 0.71120 0.00701 0.18974 0.00774 0.01259 0.01955 0.00569
0.00040 0.00087 0.00044 0.00026 0.00186 0.00028 0.00082 0.99073 0.00345 0.00089
0.00047 0.00057 0.00065 0.00069 0.00036 0.00117 0.00108 0.00096 0.00075 0.99329
0.00051 0.00060 0.00070 0.00075 0.00039 0.00125 0.00114 0.00108 0.00081 0.99277
0.00162 0.00091 0.00221 0.00141 0.00539 0.01740 0.96376 0.00225 0.00347 0.00158
0.00156 0.00088 0.00213 0.00135 0.00519 0.01712 0.96472 0.00217 0.00334 0.00152
0.00039 0.00086 0.00043 0.00026 0.00182 0.00028 0.00081 0.99085 0.00342 0.00088
0.05203 0.01435 0.03439 0.04054 0.16402 0.04073 0.02218 0.20406 0.06715 0.36055
0.04588 0.01156 0.03044 0.03668 0.14434 0.03613 0.01865 0.20234 0.05470 0.41927
0.00057 0.00104 0.00059 0.00035 0.00239 0.00039 0.00104 0.98821 0.00434 0.00107
0.00052 0.00060 0.00071 0.00076 0.00040 0.00127 0.00115 0.00115 0.00082 0.99263
0.00047 0.00056 0.00065 0.00069 0.00036 0.00116 0.00107 0.00095 0.00074 0.99334
0.00040 0.00087 0.00044 0.00027 0.00186 0.00029 0.00083 0.99068 0.00348 0.00089
0.01266 0.00426 0.02390 0.34286 0.01570 0.55703 0.00861 0.01016 0.01608 0.00875
0.00157 0.00089 0.00215 0.00137 0.00523 0.01708 0.96462 0.00219 0.00337 0.00154
0.00080 0.00550 0.00106 0.00506 0.00124 0.00283 0.00135 0.02456 0.95574 0.00186
0.00020 0.00072 0.99212 0.00144 0.00069 0.00087 0.00113 0.00073 0.00104 0.00107
0.00039 0.00086 0.00043 0.00026 0.00181 0.00028 0.00081 0.99090 0.00340 0.00087
0.02872 0.00760 0.03683 0.43790 0.03073 0.35929 0.01562 0.01948 0.04766 0.01617
0.00159 0.00089 0.00217 0.00138 0.00527 0.01721 0.96434 0.00220 0.00340 0.00155
0.00084 0.00557 0.00111 0.00502 0.00129 0.00287 0.00141 0.02347 0.95656 0.00186
0.00241 0.98496 0.00157 0.00142 0.00301 0.00145 0.00127 0.00089 0.00177 0.00126
0.81752 0.00106 0.00590 0.00220 0.00233 0.12880 0.03632 0.00210 0.00221 0.00157
0.00241 0.98492 0.00157 0.00142 0.00302 0.00145 0.00128 0.00089 0.00178 0.00126
0.00246 0.98463 0.00161 0.00145 0.00308 0.00148 0.00130 0.00091 0.00181 0.00129
0.00247 0.98456 0.00161 0.00145 0.00309 0.00149 0.00130 0.00091 0.00182 0.00129
0.00157 0.00089 0.00215 0.00136 0.00523 0.01715 0.96455 0.00219 0.00337 0.00154
0.00040 0.00087 0.00044 0.00026 0.00186 0.00028 0.00083 0.99070 0.00347 0.00089
0.00160 0.00090 0.00219 0.00139 0.00533 0.01729 0.96409 0.00222 0.00343 0.00156
0.00284 0.00750 0.00338 0.00618 0.00380 0.00593 0.00311 0.02688 0.93684 0.00355
0.00421 0.00184 0.01408 0.17137 0.00542 0.78806 0.00322 0.00428 0.00404 0.00348
0.81700 0.00106 0.00592 0.00220 0.00233 0.12931 0.03628 0.00211 0.00222 0.00157
0.00153 0.00117 0.00178 0.00215 0.00167 0.00333 0.00220 0.01308 0.00216 0.97094
0.00028 0.00035 0.00431 0.00470 0.92351 0.00110 0.00060 0.01137 0.00044 0.05333
0.00117 0.00596 0.00150 0.00423 0.00173 0.00352 0.00178 0.02563 0.95220 0.00227
0.00242 0.98490 0.00158 0.00142 0.00302 0.00145 0.00128 0.00089 0.00178 0.00127
0.00084 0.00554 0.00111 0.00484 0.00129 0.00291 0.00140 0.02466 0.95551 0.00191
0.00158 0.00089 0.00215 0.00136 0.00524 0.01721 0.96447 0.00219 0.00337 0.00154
0.00078 0.00547 0.00104 0.00519 0.00122 0.00281 0.00133 0.02460 0.95571 0.00185
0.00480 0.00204 0.01508 0.20007 0.00619 0.75479 0.00363 0.00487 0.00460 0.00393
0.81917 0.00106 0.00559 0.00213 0.00234 0.12520 0.03858 0.00213 0.00222 0.00157
0.00078 0.00547 0.00103 0.00522 0.00122 0.00281 0.00133 0.02459 0.95569 0.00185
0.00650 0.00288 0.00455 0.00466 0.01432 0.00653 0.00523 0.01269 0.00772 0.93492
0.81717 0.00106 0.00592 0.00220 0.00233 0.12914 0.03630 0.00211 0.00222 0.00157
0.81925 0.00105 0.00584 0.00218 0.00231 0.12718 0.03635 0.00209 0.00219 0.00156
0.00195 0.00111 0.00274 0.00186 0.00663 0.01861 0.95811 0.00273 0.00430 0.00196
0.00159 0.00138 0.00672 0.04471 0.83670 0.01143 0.00190 0.05853 0.00226 0.03479
0.00029 0.00036 0.00436 0.00505 0.92303 0.00114 0.00061 0.01151 0.00045 0.05320
0.00247 0.98458 0.00161 0.00145 0.00308 0.00148 0.00130 0.00091 0.00182 0.00129
0.02685 0.00428 0.01529 0.71141 0.00700 0.18966 0.00773 0.01257 0.01952 0.00568
0.00242 0.98490 0.00158 0.00142 0.00302 0.00146 0.00128 0.00089 0.00178 0.00127
0.00156 0.00088 0.00213 0.00135 0.00519 0.01712 0.96474 0.00217 0.00334 0.00152
0.00030 0.00037 0.00446 0.00479 0.92137 0.00113 0.00063 0.01172 0.00048 0.05475
0.00244 0.98476 0.00159 0.00144 0.00305 0.00147 0.00129 0.00091 0.00179 0.00128
0.00079 0.00073 0.01030 0.01365 0.86485 0.00222 0.00111 0.02097 0.00110 0.08428
0.00237 0.98515 0.00155 0.00140 0.00297 0.00143 0.00126 0.00088 0.00175 0.00125
0.09896 0.01794 0.05635 0.06278 0.17598 0.05372 0.02945 0.18083 0.21549 0.10850
0.83131 0.00102 0.00532 0.00205 0.00227 0.11606 0.03620 0.00208 0.00214 0.00153
0.00509 0.00219 0.01526 0.15104 0.00661 0.80157 0.00374 0.00476 0.00571 0.00403
0.00022 0.00075 0.99158 0.00153 0.00074 0.00097 0.00118 0.00078 0.00112 0.00112
0.00031 0.00038 0.00449 0.00556 0.92455 0.00128 0.00064 0.01153 0.00049 0.05078
0.10298 0.02325 0.05993 0.07510 0.13808 0.04788 0.02979 0.32391 0.12614 0.07294
0.81487 0.00107 0.00590 0.00221 0.00239 0.13106 0.03648 0.00216 0.00227 0.00160
0.81774 0.00105 0.00589 0.00220 0.00233 0.12861 0.03629 0.00210 0.00221 0.00156
0.82705 0.00102 0.00551 0.00209 0.00223 0.11925 0.03719 0.00203 0.00211 0.00151
0.00245 0.98468 0.00160 0.00144 0.00306 0.00148 0.00129 0.00090 0.00181 0.00128
0.00237 0.98519 0.00154 0.00139 0.00296 0.00143 0.00126 0.00087 0.00174 0.00124
0.81680 0.00106 0.00592 0.00221 0.00233 0.12946 0.03633 0.00211 0.00222 0.00157
0.81679 0.00106 0.00591 0.00220 0.00234 0.12940 0.03638 0.00212 0.00222 0.00157
0.00237 0.98517 0.00155 0.00140 0.00296 0.00143 0.00126 0.00087 0.00174 0.00124
0.00692 0.01021 0.00967 0.00706 0.00830 0.01019 0.00524 0.03731 0.89916 0.00595
0.00237 0.98517 0.00155 0.00140 0.00297 0.00143 0.00126 0.00087 0.00174 0.00125
0.83028 0.00100 0.00530 0.00204 0.00218 0.11466 0.03900 0.00199 0.00207 0.00148
0.81765 0.00105 0.00587 0.00219 0.00233 0.12850 0.03653 0.00210 0.00221 0.00156
0.81824 0.00105 0.00587 0.00219 0.00232 0.12801 0.03647 0.00210 0.00220 0.00156
0.00043 0.00090 0.00047 0.00028 0.00199 0.00030 0.00087 0.99015 0.00367 0.00095
0.00245 0.98473 0.00160 0.00144 0.00305 0.00147 0.00129 0.00090 0.00180 0.00128
0.81764 0.00105 0.00590 0.00220 0.00233 0.12870 0.03630 0.00210 0.00221 0.00156
0.81768 0.00105 0.00589 0.00220 0.00232 0.12862 0.03636 0.00210 0.00221 0.00156
0.00239 0.98503 0.00156 0.00141 0.00299 0.00144 0.00127 0.00088 0.00176 0.00126
0.00040 0.00086 0.00043 0.00026 0.00184 0.00028 0.00082 0.99080 0.00344 0.00088
0.00459 0.97270 0.00293 0.00260 0.00540 0.00254 0.00205 0.00171 0.00333 0.00214
0.81691 0.00106 0.00592 0.00220 0.00233 0.12935 0.03633 0.00211 0.00222 0.00157
0.81644 0.00106 0.00593 0.00221 0.00234 0.12973 0.03639 0.00211 0.00222 0.00157
0.00024 0.00080 0.99092 0.00162 0.00082 0.00109 0.00126 0.00084 0.00121 0.00120
0.81276 0.00110 0.00569 0.00218 0.00248 0.13120 0.03834 0.00225 0.00235 0.00165
0.00237 0.98519 0.00155 0.00139 0.00296 0.00143 0.00126 0.00087 0.00174 0.00124
0.03303 0.00839 0.02832 0.65408 0.01453 0.17287 0.01404 0.01841 0.04500 0.01134
0.00049 0.00058 0.00067 0.00071 0.00037 0.00121 0.00110 0.00105 0.00077 0.99304
0.04360 0.00875 0.03246 0.76417 0.03167 0.03528 0.01386 0.02265 0.03125 0.01629
0.00239 0.98506 0.00156 0.00141 0.00299 0.00144 0.00127 0.00088 0.00176 0.00125
0.81793 0.00105 0.00588 0.00219 0.00233 0.12840 0.03634 0.00211 0.00221 0.00156
0.00237 0.98515 0.00155 0.00140 0.00297 0.00143 0.00126 0.00088 0.00175 0.00125
0.81786 0.00105 0.00588 0.00219 0.00232 0.12839 0.03643 0.00210 0.00221 0.00156
0.00087 0.00561 0.00118 0.00440 0.00134 0.00299 0.00144 0.02519 0.95503 0.00195
0.00239 0.98505 0.00156 0.00141 0.00299 0.00144 0.00127 0.00088 0.00176 0.00125
0.81707 0.00106 0.00592 0.00220 0.00233 0.12922 0.03631 0.00211 0.00222 0.00157
0.00238 0.98512 0.00155 0.00140 0.00297 0.00143 0.00126 0.00088 0.00175 0.00125
0.81676 0.00106 0.00593 0.00221 0.00233 0.12951 0.03631 0.00211 0.00222 0.00157
0.00239 0.98506 0.00156 0.00141 0.00299 0.00144 0.00127 0.00088 0.00176 0.00125
0.00259 0.98390 0.00168 0.00152 0.00321 0.00155 0.00134 0.00096 0.00191 0.00134
0.81684 0.00106 0.00593 0.00221 0.00233 0.12945 0.03630 0.00211 0.00222 0.00157
0.85040 0.00094 0.00436 0.00184 0.00204 0.09201 0.04316 0.00190 0.00193 0.00142
0.81757 0.00106 0.00589 0.00220 0.00233 0.12872 0.03634 0.00211 0.00222 0.00157
0.00237 0.98516 0.00155 0.00140 0.00297 0.00143 0.00126 0.00087 0.00174 0.00125
0.00242 0.98488 0.00158 0.00142 0.00302 0.00146 0.00128 0.00089 0.00178 0.00127
0.81695 0.00106 0.00592 0.00220 0.00233 0.12932 0.03633 0.00210 0.00221 0.00157
0.00238 0.98514 0.00155 0.00140 0.00297 0.00143 0.00126 0.00088 0.00175 0.00125
0.00156 0.00088 0.00213 0.00135 0.00519 0.01712 0.96473 0.00217 0.00334 0.00152
0.02663 0.00424 0.01517 0.71332 0.00693 0.18854 0.00767 0.01252 0.01934 0.00564
0.00241 0.98493 0.00157 0.00142 0.00301 0.00145 0.00127 0.00089 0.00177 0.00126
0.81845 0.00105 0.00589 0.00219 0.00232 0.12815 0.03610 0.00210 0.00220 0.00156
0.81789 0.00105 0.00590 0.00220 0.00232 0.12856 0.03621 0.00210 0.00221 0.00156
0.00046 0.00106 0.98576 0.00251 0.00149 0.00190 0.00174 0.00135 0.00198 0.00174
0.00023 0.00077 0.99131 0.00157 0.00078 0.00102 0.00121 0.00080 0.00115 0.00116
0.00250 0.98438 0.00163 0.00147 0.00313 0.00150 0.00131 0.00093 0.00183 0.00131
0.81705 0.00106 0.00592 0.00220 0.00233 0.12924 0.03631 0.00211 0.00222 0.00157
0.81709 0.00106 0.00592 0.00220 0.00233 0.12920 0.03632 0.00211 0.00222 0.00157
0.00028 0.00085 0.99019 0.00168 0.00095 0.00117 0.00137 0.00094 0.00122 0.00133
0.00241 0.98492 0.00157 0.00142 0.00302 0.00145 0.00128 0.00089 0.00177 0.00126
0.00237 0.98516 0.00155 0.00140 0.00297 0.00143 0.00126 0.00087 0.00174 0.00125
0.81751 0.00105 0.00591 0.00220 0.00233 0.12889 0.03623 0.00210 0.00221 0.00156
0.81774 0.00105 0.00590 0.00220 0.00232 0.12863 0.03629 0.00210 0.00221 0.00156
0.09919 0.01558 0.05707 0.31566 0.06594 0.22512 0.02703 0.04202 0.12111 0.03126
0.00027 0.00035 0.00430 0.00443 0.92325 0.00104 0.00059 0.01131 0.00043 0.05403
0.00271 0.98322 0.00176 0.00158 0.00336 0.00161 0.00139 0.00099 0.00199 0.00139
0.89593 0.00248 0.00472 0.00754 0.00914 0.01007 0.04836 0.00750 0.00883 0.00543
0.81719 0.00106 0.00591 0.00220 0.00233 0.12911 0.03631 0.00211 0.00222 0.00157
0.00290 0.98212 0.00188 0.00168 0.00357 0.00171 0.00146 0.00108 0.00212 0.00148
0.81898 0.00105 0.00584 0.00218 0.00231 0.12748 0.03630 0.00209 0.00220 0.00156
0.01316 0.92563 0.00799 0.00706 0.01429 0.00654 0.00472 0.00501 0.01018 0.00542
0.81771 0.00105 0.00589 0.00220 0.00232 0.12859 0.03635 0.00210 0.00221 0.00156
0.81722 0.00106 0.00591 0.00220 0.00233 0.12908 0.03631 0.00210 0.00221 0.00157
0.82229 0.00104 0.00572 0.00215 0.00230 0.12447 0.03622 0.00208 0.00218 0.00155
0.02620 0.00419 0.01492 0.71831 0.00685 0.18487 0.00758 0.01249 0.01902 0.00558
0.00238 0.98510 0.00155 0.00140 0.00298 0.00144 0.00126 0.00088 0.00175 0.00125
0.81684 0.00106 0.00593 0.00221 0.00233 0.12945 0.03629 0.00211 0.00222 0.00157
0.81691 0.00106 0.00593 0.00220 0.00233 0.12936 0.03632 0.00211 0.00222 0.00157
0.02682 0.00427 0.01527 0.71155 0.00698 0.18969 0.00772 0.01256 0.01948 0.00567
0.00176 0.00100 0.00244 0.00160 0.00592 0.01781 0.96146 0.00245 0.00382 0.00175
0.00123 0.00604 0.00163 0.00451 0.00175 0.00348 0.00183 0.02284 0.95454 0.00216
0.00050 0.00059 0.00069 0.00073 0.00038 0.00123 0.00112 0.00103 0.00079 0.99295
0.00246 0.98462 0.00161 0.00145 0.00308 0.00148 0.00130 0.00091 0.00181 0.00129
0.04836 0.01509 0.05271 0.04479 0.13944 0.04523 0.49274 0.04348 0.08670 0.03146
0.01133 0.00428 0.02658 0.13092 0.01490 0.76605 0.00763 0.01032 0.01990 0.00808
0.00080 0.00551 0.00107 0.00493 0.00125 0.00286 0.00136 0.02487 0.95546 0.00188
0.00049 0.00058 0.00067 0.00072 0.00038 0.00121 0.00111 0.00105 0.00077 0.99303
0.00237 0.98514 0.00155 0.00140 0.00297 0.00143 0.00126 0.00088 0.00175 0.00125
0.81794 0.00105 0.00590 0.00220 0.00232 0.12853 0.03619 0.00210 0.00221 0.00156
0.00081 0.00550 0.00107 0.00519 0.00125 0.00284 0.00136 0.02452 0.95559 0.00186
0.81965 0.00402 0.00912 0.01315 0.01791 0.04062 0.05526 0.01355 0.01757 0.00916
0.81841 0.00105 0.00586 0.00219 0.00231 0.12783 0.03650 0.00209 0.00220 0.00156
0.02966 0.00546 0.01800 0.69762 0.00915 0.18386 0.00960 0.01467 0.02463 0.00733
0.81808 0.00105 0.00588 0.00219 0.00232 0.12827 0.03634 0.00210 0.00221 0.00156
0.00026 0.00082 0.99046 0.00164 0.00089 0.00125 0.00131 0.00089 0.00120 0.00127
0.22028 0.02044 0.07177 0.08995 0.09489 0.22618 0.04313 0.06169 0.12989 0.04178
0.00042 0.00089 0.00045 0.00028 0.00194 0.00030 0.00085 0.99036 0.00360 0.00092
0.00248 0.98453 0.00162 0.00146 0.00309 0.00149 0.00130 0.00091 0.00183 0.00129
0.00260 0.98386 0.00169 0.00152 0.00323 0.00155 0.00135 0.00095 0.00191 0.00134
0.00054 0.00100 0.00056 0.00033 0.00244 0.00035 0.00099 0.98859 0.00414 0.00107
0.81690 0.00106 0.00593 0.00221 0.00233 0.12939 0.03630 0.00211 0.00222 0.00157
0.00020 0.00072 0.99205 0.00145 0.00069 0.00088 0.00113 0.00073 0.00105 0.00107
0.00080 0.00548 0.00106 0.00558 0.00125 0.00285 0.00135 0.02446 0.95531 0.00186
0.00079 0.00548 0.00105 0.00532 0.00124 0.00283 0.00135 0.02457 0.95551 0.00186
0.00039 0.00086 0.00043 0.00026 0.00183 0.00028 0.00082 0.99081 0.00343 0.00088
0.81712 0.00106 0.00592 0.00220 0.00233 0.12914 0.03635 0.00210 0.00221 0.00157
0.00027 0.00035 0.00437 0.00452 0.92307 0.00104 0.00059 0.01136 0.00043 0.05400
0.00047 0.00057 0.00066 0.00069 0.00036 0.00117 0.00108 0.00096 0.00075 0.99327
0.00368 0.00164 0.01311 0.16674 0.00472 0.79682 0.00290 0.00391 0.00338 0.00310
0.84299 0.00098 0.00516 0.00196 0.00214 0.10839 0.03295 0.00196 0.00201 0.00146
0.00020 0.00072 0.99207 0.00145 0.00069 0.00088 0.00113 0.00073 0.00105 0.00107
0.00086 0.00559 0.00115 0.00498 0.00133 0.00297 0.00142 0.02505 0.95472 0.00194
0.00080 0.00549 0.00106 0.00525 0.00125 0.00285 0.00135 0.02464 0.95544 0.00187
0.00064 0.00069 0.00082 0.00087 0.00049 0.00146 0.00132 0.00135 0.00099 0.99137
0.04208 0.01163 0.03203 0.03908 0.03885 0.03355 0.01735 0.07308 0.04612 0.66624
0.00159 0.00089 0.00217 0.00137 0.00528 0.01725 0.96430 0.00220 0.00340 0.00155
0.08810 0.01732 0.05315 0.06373 0.17287 0.04943 0.02670 0.21323 0.09517 0.22029
0.00082 0.00155 0.97733 0.00274 0.00300 0.00409 0.00257 0.00232 0.00276 0.00282
0.81770 0.00105 0.00589 0.00220 0.00233 0.12861 0.03635 0.00210 0.00221 0.00156
0.01258 0.00471 0.01130 0.01547 0.02449 0.01762 0.00749 0.18524 0.01288 0.70821
0.00039 0.00086 0.00043 0.00026 0.00182 0.00028 0.00081 0.99088 0.00340 0.00088
0.97177 0.00140 0.00259 0.00447 0.00484 0.00185 0.00292 0.00363 0.00378 0.00275
0.81825 0.00106 0.00587 0.00219 0.00233 0.12831 0.03608 0.00211 0.00222 0.00157
0.00080 0.00550 0.00105 0.00516 0.00124 0.00284 0.00135 0.02464 0.95556 0.00186
0.00052 0.00060 0.00070 0.00075 0.00040 0.00126 0.00115 0.00111 0.00081 0.99269
0.00527 0.00320 0.00424 0.00312 0.02023 0.00276 0.00419 0.93397 0.01578 0.00725
0.63152 0.01080 0.03206 0.04477 0.06138 0.02944 0.05781 0.04086 0.06168 0.02968
0.00045 0.00092 0.00048 0.00029 0.00200 0.00032 0.00089 0.98994 0.00376 0.00094
0.00374 0.00166 0.01325 0.16715 0.00480 0.79590 0.00294 0.00395 0.00345 0.00315
0.04426 0.01379 0.02894 0.08429 0.40093 0.10380 0.02305 0.16339 0.06971 0.06784
0.00071 0.00114 0.00073 0.00042 0.00327 0.00043 0.00118 0.98613 0.00477 0.00122
0.11021 0.02131 0.06768 0.06756 0.10260 0.05689 0.03241 0.13294 0.21157 0.19685
0.81742 0.00105 0.00591 0.00220 0.00233 0.12891 0.03630 0.00210 0.00221 0.00156
0.00241 0.98495 0.00157 0.00142 0.00301 0.00145 0.00127 0.00089 0.00177 0.00126
0.00053 0.00061 0.00071 0.00075 0.00040 0.00127 0.00116 0.00109 0.00083 0.99266
0.00157 0.00088 0.00214 0.00136 0.00522 0.01716 0.96458 0.00218 0.00336 0.00153
0.00413 0.00180 0.01393 0.18108 0.00531 0.77899 0.00319 0.00430 0.00384 0.00344
0.00033 0.00094 0.98788 0.00200 0.00112 0.00211 0.00152 0.00107 0.00155 0.00148
0.00030 0.00037 0.00442 0.00490 0.92304 0.00115 0.00062 0.01154 0.00048 0.05318
0.82292 0.00105 0.00568 0.00215 0.00232 0.12387 0.03613 0.00211 0.00220 0.00156
0.94718 0.00121 0.00206 0.00263 0.00329 0.01730 0.01835 0.00295 0.00277 0.00225
0.71799 0.00840 0.02229 0.03484 0.04203 0.03041 0.04221 0.03252 0.04451 0.02481
0.00082 0.00075 0.00393 0.00187 0.92571 0.00128 0.00128 0.00963 0.00144 0.05329
0.00042 0.00046 0.00654 0.00574 0.91878 0.00135 0.00073 0.01239 0.00063 0.05296
0.00302 0.00736 0.00368 0.00404 0.00382 0.00597 0.00316 0.03006 0.93516 0.00373
0.04142 0.02406 0.07312 0.03358 0.04772 0.03495 0.01689 0.08070 0.62502 0.02252
0.02307 0.01822 0.03978 0.02156 0.02745 0.02358 0.01137 0.06650 0.75365 0.01481
