0.00004 0.00020 0.00111 0.00016 0.00328 0.00001 0.00003 0.00706 0.00017 0.98795
0.00012 0.00004 0.00148 0.00006 0.00568 0.00661 0.98567 0.00011 0.00012 0.00011
0.00000 0.00001 0.00059 0.99931 0.00000 0.00001 0.00000 0.00000 0.00006 0.00001
0.06108 0.00663 0.06405 0.00807 0.05231 0.07133 0.69831 0.01197 0.01484 0.01139
0.00007 0.00010 0.00012 0.00009 0.00001 0.00305 0.99652 0.00001 0.00001 0.00002
0.99967 0.00002 0.00002 0.00000 0.00000 0.00027 0.00003 0.00000 0.00000 0.00000
0.99957 0.00000 0.00002 0.00009 0.00001 0.00023 0.00004 0.00002 0.00000 0.00001
0.99662 0.00000 0.00001 0.00003 0.00002 0.00028 0.00303 0.00000 0.00000 0.00000
0.00000 0.00000 0.00000 0.00000 0.00000 0.00000 1.00000 0.00000 0.00000 0.00000
0.00005 0.00034 0.00061 0.00025 0.00522 0.00008 0.00009 0.00413 0.00017 0.98907
0.00000 0.00000 0.00000 0.00000 0.00000 0.00000 0.99998 0.00000 0.00002 0.00000
0.00000 0.00000 0.99914 0.00000 0.00013 0.00001 0.00070 0.00000 0.00001 0.00000
0.19656 0.00064 0.41396 0.36856 0.00048 0.01375 0.00383 0.00069 0.00101 0.00052
0.00144 0.00177 0.01880 0.00132 0.73356 0.00148 0.00229 0.03908 0.17770 0.02255
0.94425 0.00023 0.00021 0.00057 0.00566 0.01889 0.02944 0.00024 0.00020 0.00031
0.00042 0.00117 0.00061 0.95249 0.00534 0.00151 0.00022 0.00113 0.03548 0.00163
0.00026 0.97222 0.00054 0.00043 0.00066 0.00129 0.00106 0.00768 0.01000 0.00587
0.02923 0.04593 0.34770 0.01983 0.35916 0.06811 0.06003 0.01551 0.03981 0.01468
0.00008 0.00017 0.00025 0.00006 0.00069 0.00003 0.00021 0.05689 0.00520 0.93642
0.00000 0.00000 0.00061 0.00000 0.00002 0.00007 0.99928 0.00000 0.00001 0.00000
0.00000 0.00000 0.99985 0.00000 0.00013 0.00000 0.00001 0.00000 0.00000 0.00000
0.00000 0.00000 1.00000 0.00000 0.00000 0.00000 0.00000 0.00000 0.00000 0.00000
0.00003 0.00000 0.00019 0.00007 0.99520 0.00010 0.00000 0.00007 0.00251 0.00183
0.00030 0.00007 0.00466 0.00207 0.00288 0.00096 0.00048 0.00209 0.00023 0.98626
0.00040 0.00023 0.00041 0.00008 0.00048 0.00721 0.99105 0.00002 0.00009 0.00002
0.00033 0.00004 0.95518 0.03537 0.00037 0.00288 0.00521 0.00014 0.00025 0.00024
0.98528 0.00007 0.01413 0.00006 0.00002 0.00029 0.00003 0.00000 0.00013 0.00000
0.00179 0.00136 0.00129 0.24342 0.00063 0.70363 0.00070 0.00122 0.04524 0.00072
0.06806 0.00034 0.00529 0.00526 0.00505 0.00359 0.00551 0.00036 0.90530 0.00124
0.00231 0.00000 0.00006 0.87110 0.00019 0.07866 0.00001 0.00001 0.04752 0.00013
0.00001 0.00008 0.00010 0.00021 0.00001 0.00001 0.00001 0.99954 0.00003 0.00001
0.99899 0.00010 0.00023 0.00003 0.00000 0.00054 0.00002 0.00001 0.00007 0.00001
0.01088 0.00013 0.00239 0.08429 0.00015 0.89632 0.00012 0.00052 0.00485 0.00034
0.99978 0.00002 0.00000 0.00000 0.00004 0.00015 0.00002 0.00000 0.00000 0.00000
0.00002 0.00000 0.00024 0.00176 0.00002 0.00001 0.00001 0.99576 0.00003 0.00217
0.00052 0.00001 0.00004 0.00008 0.00096 0.00013 0.00001 0.00255 0.00003 0.99567
0.02047 0.04352 0.03319 0.00914 0.06768 0.72118 0.01077 0.02338 0.04782 0.02284
0.99999 0.00000 0.00000 0.00000 0.00000 0.00000 0.00000 0.00000 0.00000 0.00000
0.99214 0.00011 0.00005 0.00003 0.00001 0.00753 0.00000 0.00000 0.00013 0.00000
0.00001 0.00000 0.00001 0.00172 0.00000 0.00008 0.00000 0.99783 0.00002 0.00033
0.99827 0.00002 0.00016 0.00001 0.00001 0.00144 0.00006 0.00000 0.00003 0.00000
0.03507 0.00148 0.00783 0.00149 0.02565 0.00215 0.00292 0.02096 0.89566 0.00678
0.00000 0.99807 0.00005 0.00003 0.00103 0.00033 0.00006 0.00014 0.00014 0.00017
0.99996 0.00000 0.00000 0.00000 0.00000 0.00002 0.00001 0.00000 0.00000 0.00000
0.00000 0.00000 0.00000 0.00000 0.00000 0.00000 0.00000 0.99998 0.00002 0.00000
0.00000 0.99590 0.00015 0.00006 0.00012 0.00003 0.00010 0.00011 0.00350 0.00003
1.00000 0.00000 0.00000 0.00000 0.00000 0.00000 0.00000 0.00000 0.00000 0.00000
0.00004 0.00007 0.00029 0.00051 0.99029 0.00059 0.00001 0.00546 0.00069 0.00203
0.00046 0.00009 0.99500 0.00159 0.00005 0.00219 0.00009 0.00017 0.00028 0.00008
0.99985 0.00001 0.00002 0.00000 0.00000 0.00011 0.00000 0.00000 0.00000 0.00000
0.00866 0.00006 0.00116 0.00363 0.00020 0.01086 0.00011 0.00009 0.97505 0.00018
0.00000 0.00000 0.00000 0.00201 0.00016 0.99769 0.00001 0.00000 0.00010 0.00002
0.00241 0.79532 0.01488 0.03270 0.00292 0.07122 0.05457 0.00218 0.02162 0.00219
0.35297 0.00018 0.62651 0.00323 0.00029 0.01369 0.00199 0.00024 0.00074 0.00014
0.99994 0.00000 0.00000 0.00000 0.00000 0.00005 0.00001 0.00000 0.00000 0.00000
0.00052 0.00048 0.03614 0.00033 0.00108 0.00069 0.95712 0.00002 0.00356 0.00006
0.00457 0.00398 0.00639 0.01032 0.00112 0.91101 0.00470 0.00146 0.05536 0.00110
0.00010 0.00018 0.00103 0.00307 0.00880 0.00086 0.00010 0.11634 0.00122 0.86829
0.00000 0.00000 0.99722 0.00000 0.00203 0.00006 0.00000 0.00001 0.00046 0.00022
1.00000 0.00000 0.00000 0.00000 0.00000 0.00000 0.00000 0.00000 0.00000 0.00000
0.00010 0.00006 0.00005 0.00029 0.00032 0.00008 0.00004 0.00797 0.00125 0.98984
0.99990 0.00000 0.00000 0.00000 0.00002 0.00006 0.00002 0.00000 0.00000 0.00000
0.02106 0.02657 0.02900 0.02328 0.18017 0.01537 0.03069 0.30443 0.04840 0.32104
0.00201 0.00170 0.50176 0.00833 0.00201 0.00227 0.00432 0.45015 0.01977 0.00769
0.99968 0.00001 0.00008 0.00002 0.00000 0.00017 0.00000 0.00001 0.00003 0.00000
0.00003 0.00047 0.00014 0.00005 0.00008 0.00002 0.00002 0.00010 0.00001 0.99907
0.00002 0.98822 0.00034 0.00009 0.00891 0.00130 0.00031 0.00034 0.00024 0.00023
0.24814 0.01315 0.41028 0.04990 0.08380 0.04106 0.02118 0.02019 0.09009 0.02220
0.00000 0.00000 0.99939 0.00012 0.00007 0.00028 0.00011 0.00001 0.00000 0.00003
0.00000 0.99959 0.00003 0.00001 0.00006 0.00006 0.00002 0.00007 0.00013 0.00004
0.00005 0.00003 0.00189 0.00615 0.00309 0.00059 0.00013 0.00145 0.97522 0.01141
0.00000 0.00000 0.00000 0.99991 0.00000 0.00009 0.00000 0.00000 0.00000 0.00000
0.00000 0.00000 0.00000 0.00000 0.00000 0.00000 0.00000 0.99982 0.00003 0.00015
0.00000 0.00000 1.00000 0.00000 0.00000 0.00000 0.00000 0.00000 0.00000 0.00000
0.99798 0.00001 0.00006 0.00067 0.00013 0.00094 0.00009 0.00001 0.00007 0.00005
0.00010 0.00009 0.00019 0.00002 0.00350 0.00001 0.00034 0.00284 0.00025 0.99268
0.99688 0.00003 0.00045 0.00091 0.00029 0.00043 0.00013 0.00017 0.00018 0.00053
0.00000 0.99550 0.00003 0.00002 0.00002 0.00002 0.00002 0.00028 0.00368 0.00044
0.07023 0.01144 0.45823 0.01242 0.25137 0.08564 0.06511 0.01896 0.01450 0.01209
0.00064 0.96052 0.00323 0.00035 0.00051 0.00224 0.01540 0.00078 0.01622 0.00011
0.00075 0.00117 0.97417 0.00030 0.00614 0.01376 0.00220 0.00027 0.00094 0.00030
0.99899 0.00004 0.00006 0.00000 0.00000 0.00090 0.00000 0.00000 0.00001 0.00000
0.00010 0.00002 0.00040 0.00113 0.00013 0.00007 0.00001 0.96306 0.00015 0.03494
0.00317 0.00147 0.94168 0.00339 0.02231 0.00384 0.00322 0.00591 0.01194 0.00307
0.94386 0.00020 0.00322 0.00059 0.00058 0.04769 0.00340 0.00007 0.00029 0.00010
0.01920 0.00106 0.02108 0.00147 0.01397 0.01005 0.92934 0.00078 0.00149 0.00155
0.00000 0.00002 0.00023 0.00032 0.00001 0.00000 0.00000 0.99928 0.00009 0.00004
0.01833 0.00317 0.04370 0.01270 0.06301 0.04229 0.00393 0.00436 0.79301 0.01550
0.00063 0.00000 0.99924 0.00000 0.00003 0.00000 0.00000 0.00000 0.00008 0.00000
0.99999 0.00000 0.00000 0.00000 0.00000 0.00001 0.00000 0.00000 0.00000 0.00000
0.00019 0.00002 0.00028 0.00017 0.00120 0.00013 0.00012 0.00016 0.00031 0.99742
0.99883 0.00001 0.00018 0.00002 0.00040 0.00033 0.00005 0.00005 0.00005 0.00009
0.00029 0.00672 0.00042 0.00093 0.95164 0.00078 0.00045 0.00059 0.00157 0.03661
0.00942 0.00005 0.00046 0.00013 0.00025 0.00056 0.00004 0.00031 0.98867 0.00010
0.00000 0.00000 0.99559 0.00370 0.00000 0.00035 0.00002 0.00000 0.00033 0.00000
0.99991 0.00001 0.00005 0.00000 0.00000 0.00002 0.00000 0.00000 0.00001 0.00000
0.00001 0.00001 0.00042 0.00087 0.00001 0.00002 0.00001 0.99567 0.00006 0.00294
0.99979 0.00002 0.00009 0.00000 0.00000 0.00008 0.00001 0.00000 0.00001 0.00000
0.99249 0.00002 0.00719 0.00002 0.00000 0.00025 0.00002 0.00000 0.00001 0.00000
0.00000 0.00000 0.00000 0.00000 0.00000 0.00000 0.00000 0.00000 0.00000 1.00000
0.99738 0.00001 0.00139 0.00002 0.00001 0.00109 0.00011 0.00000 0.00000 0.00000
0.01776 0.00207 0.02695 0.01073 0.08461 0.02058 0.76637 0.00275 0.06551 0.00267
0.00004 0.00009 0.00018 0.00168 0.00004 0.00005 0.00001 0.99766 0.00006 0.00020
0.00032 0.00103 0.00734 0.80375 0.00007 0.18456 0.00044 0.00011 0.00233 0.00004
0.99958 0.00000 0.00000 0.00000 0.00000 0.00040 0.00002 0.00000 0.00000 0.00000
0.00088 0.00254 0.00918 0.03332 0.00688 0.00186 0.00043 0.88675 0.00231 0.05586
0.00000 0.00000 0.99998 0.00000 0.00001 0.00000 0.00001 0.00000 0.00000 0.00000
0.00621 0.00512 0.00698 0.04100 0.07546 0.02806 0.00433 0.16574 0.63847 0.02864
0.00355 0.00200 0.03785 0.14569 0.00778 0.00250 0.00222 0.10332 0.00369 0.69140
0.00225 0.00221 0.02301 0.00338 0.93405 0.00786 0.00180 0.00510 0.00568 0.01467
0.02749 0.00024 0.06039 0.88410 0.00021 0.01813 0.00034 0.00044 0.00819 0.00046
0.00015 0.00000 0.00057 0.99806 0.00000 0.00113 0.00000 0.00005 0.00002 0.00000
0.00137 0.00003 0.00058 0.00098 0.00109 0.00082 0.00006 0.00166 0.00011 0.99329
0.00104 0.00003 0.00043 0.00091 0.00067 0.00031 0.00005 0.00461 0.00019 0.99176
0.00019 0.00002 0.00257 0.00532 0.00022 0.00020 0.00002 0.96432 0.00046 0.02669
0.99322 0.00002 0.00036 0.00006 0.00019 0.00347 0.00267 0.00001 0.00001 0.00001
0.03126 0.00078 0.00113 0.00730 0.00073 0.94550 0.00667 0.00043 0.00570 0.00049
0.00029 0.00059 0.00117 0.00014 0.00370 0.00010 0.00159 0.01092 0.00115 0.98033
0.00005 0.00018 0.00010 0.00001 0.00148 0.00001 0.00011 0.01372 0.00051 0.98384
0.00075 0.00003 0.00102 0.00006 0.00010 0.00592 0.99206 0.00002 0.00002 0.00002
0.00156 0.00122 0.00863 0.01149 0.00562 0.20340 0.00109 0.00547 0.73428 0.02723
0.00104 0.00001 0.01162 0.00065 0.00023 0.95747 0.00011 0.00008 0.02877 0.00001
0.06324 0.02141 0.17405 0.09911 0.05890 0.22289 0.04406 0.21239 0.05420 0.04975
0.99992 0.00000 0.00000 0.00000 0.00000 0.00007 0.00001 0.00000 0.00000 0.00000
0.00171 0.00003 0.00453 0.00007 0.00015 0.00130 0.99218 0.00002 0.00001 0.00001
0.00015 0.00000 0.00013 0.00001 0.00002 0.00000 0.00010 0.00001 0.99956 0.00002
0.00322 0.00030 0.00309 0.00124 0.00029 0.80541 0.17055 0.00032 0.01527 0.00031
0.14545 0.00361 0.02258 0.00186 0.00150 0.00554 0.81486 0.00070 0.00315 0.00076
0.00001 0.99241 0.00006 0.00003 0.00006 0.00010 0.00004 0.00048 0.00652 0.00029
0.00007 0.00036 0.00102 0.00051 0.98603 0.00014 0.00038 0.00122 0.00042 0.00985
0.00434 0.00061 0.04265 0.00140 0.00197 0.29268 0.00302 0.00055 0.65126 0.00153
0.01363 0.00283 0.22501 0.00429 0.62126 0.08143 0.00889 0.02694 0.00240 0.01332
0.98060 0.00028 0.01326 0.00026 0.00049 0.00273 0.00011 0.00075 0.00139 0.00014
0.00003 0.99511 0.00008 0.00011 0.00034 0.00019 0.00008 0.00024 0.00361 0.00022
0.00390 0.00003 0.98949 0.00001 0.00188 0.00007 0.00442 0.00010 0.00003 0.00005
0.00008 0.00013 0.00056 0.00032 0.00042 0.00068 0.00005 0.06400 0.00077 0.93299
0.99999 0.00000 0.00000 0.00000 0.00000 0.00000 0.00000 0.00000 0.00000 0.00000
1.00000 0.00000 0.00000 0.00000 0.00000 0.00000 0.00000 0.00000 0.00000 0.00000
0.00006 0.00005 0.00005 0.00091 0.00000 0.00022 0.00002 0.99812 0.00044 0.00011
0.00000 0.00000 0.00000 0.00000 0.00000 0.00000 0.00000 0.99963 0.00003 0.00033
0.00252 0.00280 0.02911 0.00549 0.01222 0.00347 0.00363 0.63031 0.07941 0.23104
0.00000 0.00000 0.00000 0.00000 0.00000 0.00000 1.00000 0.00000 0.00000 0.00000
0.00000 0.00000 0.00000 0.00000 0.00000 0.00000 1.00000 0.00000 0.00000 0.00000
0.00020 0.00019 0.00050 0.99286 0.00012 0.00559 0.00002 0.00007 0.00021 0.00023
0.00002 0.00013 0.00005 0.99832 0.00000 0.00131 0.00001 0.00001 0.00009 0.00006
0.04894 0.00023 0.12721 0.01118 0.00020 0.80871 0.00160 0.00137 0.00030 0.00026
0.00005 0.00000 0.00045 0.00015 0.00001 0.00006 0.00001 0.99814 0.00093 0.00019
0.00072 0.00004 0.00018 0.00024 0.00332 0.99462 0.00020 0.00027 0.00016 0.00024
0.99957 0.00000 0.00000 0.00000 0.00000 0.00040 0.00002 0.00000 0.00000 0.00000
0.00049 0.00014 0.00131 0.00133 0.01196 0.00105 0.00075 0.02216 0.00286 0.95795
0.00022 0.00003 0.00015 0.00002 0.00004 0.00046 0.99899 0.00005 0.00002 0.00002
0.00538 0.00000 0.98674 0.00630 0.00003 0.00123 0.00028 0.00001 0.00001 0.00003
0.00235 0.00002 0.97783 0.01560 0.00016 0.00190 0.00168 0.00016 0.00003 0.00028
0.00132 0.00030 0.00821 0.00570 0.95745 0.00418 0.00399 0.00689 0.00836 0.00358
0.01908 0.03323 0.02848 0.08625 0.13553 0.11865 0.03118 0.05119 0.38843 0.10797
0.00153 0.00381 0.00749 0.00771 0.02579 0.00759 0.00350 0.06762 0.01291 0.86205
0.00000 0.99835 0.00002 0.00004 0.00003 0.00026 0.00054 0.00026 0.00039 0.00010
0.74524 0.00398 0.02648 0.06188 0.01135 0.04674 0.01463 0.01002 0.05009 0.02959
0.00000 0.99905 0.00009 0.00002 0.00006 0.00004 0.00001 0.00013 0.00054 0.00006
0.98005 0.00050 0.01307 0.00033 0.00006 0.00385 0.00122 0.00013 0.00059 0.00020
0.04835 0.00358 0.14148 0.48836 0.00289 0.28958 0.00912 0.00481 0.00802 0.00383
0.00065 0.00029 0.00015 0.01608 0.00092 0.00040 0.00011 0.00395 0.00018 0.97727
0.99505 0.00010 0.00353 0.00013 0.00001 0.00060 0.00000 0.00011 0.00046 0.00001
0.01516 0.00039 0.02157 0.00274 0.00059 0.03643 0.92154 0.00041 0.00063 0.00054
0.03652 0.00436 0.00963 0.01940 0.01628 0.01244 0.00812 0.11526 0.66806 0.10992
0.00320 0.00022 0.87716 0.09270 0.00048 0.00880 0.01607 0.00035 0.00048 0.00053
0.00022 0.00034 0.00050 0.00190 0.00140 0.00007 0.00006 0.00153 0.00030 0.99367
0.99487 0.00010 0.00045 0.00191 0.00039 0.00111 0.00051 0.00010 0.00054 0.00003
0.00027 0.00003 0.00406 0.92317 0.00012 0.00074 0.00008 0.00021 0.07064 0.00068
0.00039 0.00002 0.00640 0.98872 0.00016 0.00064 0.00003 0.00047 0.00191 0.00125
0.00052 0.00025 0.01355 0.00139 0.97097 0.00297 0.00216 0.00274 0.00130 0.00416
0.99457 0.00010 0.00323 0.00033 0.00004 0.00152 0.00016 0.00002 0.00003 0.00000
0.00047 0.00025 0.00232 0.00066 0.00190 0.00044 0.00008 0.00730 0.00091 0.98565
0.95864 0.00016 0.00359 0.02699 0.00096 0.00081 0.00139 0.00127 0.00285 0.00334
0.00032 0.00027 0.00036 0.00077 0.97235 0.00201 0.00124 0.01796 0.00213 0.00259
0.99993 0.00000 0.00001 0.00000 0.00001 0.00001 0.00001 0.00002 0.00000 0.00001
0.02310 0.07136 0.02600 0.02334 0.06557 0.02891 0.06865 0.01587 0.64447 0.03273
0.00686 0.00623 0.00787 0.00488 0.01536 0.11805 0.81957 0.00736 0.00945 0.00437
0.88851 0.00015 0.01081 0.00448 0.00188 0.08878 0.00162 0.00090 0.00128 0.00159
0.00006 0.00032 0.00038 0.00012 0.97974 0.00030 0.00012 0.01298 0.00199 0.00399
0.00000 0.99779 0.00004 0.00002 0.00134 0.00033 0.00004 0.00018 0.00009 0.00016
0.99799 0.00001 0.00034 0.00032 0.00032 0.00005 0.00082 0.00002 0.00005 0.00009
0.01470 0.03531 0.06406 0.10167 0.18003 0.09342 0.16489 0.02587 0.29875 0.02130
0.99021 0.00002 0.00017 0.00004 0.00004 0.00868 0.00080 0.00003 0.00001 0.00000
0.00121 0.00068 0.00636 0.00179 0.90413 0.05855 0.00281 0.00477 0.00251 0.01719
0.98463 0.00015 0.00224 0.00051 0.00064 0.00177 0.00964 0.00006 0.00026 0.00010
0.00001 0.00015 0.00043 0.00004 0.00024 0.00004 0.99896 0.00003 0.00009 0.00001
0.00047 0.00028 0.00063 0.00442 0.78894 0.00060 0.00030 0.02904 0.00868 0.16664
0.00000 0.99640 0.00010 0.00002 0.00238 0.00037 0.00006 0.00021 0.00022 0.00024
0.00132 0.01294 0.02065 0.00113 0.85333 0.03271 0.04397 0.00275 0.01764 0.01356
0.00000 0.99770 0.00008 0.00002 0.00128 0.00035 0.00009 0.00010 0.00028 0.00010
0.77432 0.01839 0.03014 0.01404 0.01019 0.02620 0.10319 0.00249 0.01789 0.00315
0.00002 0.99176 0.00038 0.00009 0.00585 0.00088 0.00022 0.00028 0.00027 0.00025
0.99957 0.00003 0.00000 0.00001 0.00000 0.00035 0.00003 0.00000 0.00000 0.00000
0.01439 0.00555 0.00882 0.08091 0.56471 0.21852 0.00976 0.05007 0.00744 0.03983
0.00935 0.00110 0.01390 0.09522 0.00430 0.82744 0.03611 0.00092 0.01093 0.00073
0.00013 0.00005 0.00065 0.00168 0.00023 0.00074 0.00006 0.99405 0.00015 0.00227
0.00015 0.00001 0.98871 0.00242 0.00015 0.00003 0.00053 0.00765 0.00031 0.00005
0.68434 0.00775 0.06545 0.12978 0.00974 0.03557 0.02426 0.00276 0.03559 0.00477
0.00158 0.00013 0.00157 0.00408 0.00058 0.00197 0.98913 0.00020 0.00055 0.00020
0.00014 0.00014 0.01714 0.97050 0.00047 0.00157 0.00024 0.00305 0.00440 0.00236
0.01005 0.32428 0.04938 0.09832 0.05643 0.01592 0.01131 0.17868 0.04876 0.20685
0.00004 0.00001 0.00717 0.00165 0.00035 0.00048 0.00002 0.00010 0.99009 0.00010
0.99858 0.00001 0.00002 0.00001 0.00002 0.00001 0.00132 0.00001 0.00000 0.00002
0.00107 0.00000 0.00069 0.00057 0.00001 0.99751 0.00000 0.00000 0.00011 0.00004
0.99829 0.00001 0.00000 0.00003 0.00003 0.00011 0.00148 0.00001 0.00001 0.00002
0.00000 0.99940 0.00002 0.00001 0.00028 0.00002 0.00005 0.00007 0.00013 0.00002
0.00551 0.00020 0.00168 0.00494 0.00042 0.03899 0.00026 0.00029 0.94608 0.00163
0.99999 0.00000 0.00000 0.00000 0.00000 0.00001 0.00000 0.00000 0.00000 0.00000
0.99999 0.00000 0.00000 0.00000 0.00000 0.00000 0.00000 0.00000 0.00000 0.00000
0.00003 0.96079 0.00124 0.00027 0.00017 0.00055 0.00063 0.00038 0.03589 0.00006
0.00109 0.00050 0.04032 0.88157 0.00046 0.02784 0.00084 0.00072 0.04616 0.00051
0.00074 0.00611 0.00239 0.00264 0.00324 0.01630 0.00109 0.01329 0.95272 0.00147
0.98330 0.00003 0.00844 0.00048 0.00023 0.00028 0.00567 0.00052 0.00069 0.00037
0.00092 0.00697 0.84979 0.02593 0.00420 0.01475 0.00138 0.00100 0.09457 0.00050
0.82980 0.00575 0.07200 0.00873 0.02119 0.01069 0.01820 0.01520 0.01273 0.00571
0.01849 0.00597 0.00625 0.00519 0.00433 0.03199 0.88392 0.00211 0.04037 0.00138
0.11396 0.05088 0.13209 0.07557 0.03344 0.18477 0.15528 0.02543 0.20465 0.02392
0.99820 0.00002 0.00002 0.00009 0.00001 0.00135 0.00002 0.00001 0.00027 0.00001
0.00002 0.00030 0.00051 0.00007 0.00010 0.00005 0.00002 0.00068 0.00031 0.99794
0.99966 0.00005 0.00012 0.00001 0.00000 0.00012 0.00001 0.00001 0.00002 0.00000
0.00020 0.00293 0.00314 0.00052 0.00419 0.00054 0.00016 0.01844 0.00194 0.96794
0.00000 0.00000 0.00000 0.00000 0.00000 0.00000 0.00000 0.00000 1.00000 0.00000
0.94615 0.00002 0.00007 0.00015 0.00121 0.00731 0.04498 0.00001 0.00002 0.00008
0.00000 0.00000 0.00000 0.99865 0.00000 0.00067 0.00000 0.00001 0.00065 0.00002
0.00033 0.00004 0.99419 0.00001 0.00198 0.00002 0.00019 0.00041 0.00280 0.00004
0.00005 0.99043 0.00058 0.00015 0.00123 0.00015 0.00010 0.00024 0.00699 0.00007
0.03584 0.00572 0.06278 0.00328 0.00752 0.00269 0.09733 0.00090 0.78103 0.00291
0.99972 0.00000 0.00019 0.00000 0.00001 0.00005 0.00002 0.00001 0.00000 0.00000
0.00000 0.00002 0.00071 0.99706 0.00003 0.00206 0.00001 0.00003 0.00002 0.00007
0.00460 0.00071 0.97038 0.00187 0.01091 0.00260 0.00554 0.00171 0.00097 0.00072
0.00173 0.00001 0.99504 0.00090 0.00102 0.00019 0.00099 0.00005 0.00006 0.00001
0.00017 0.00000 0.00053 0.00013 0.98121 0.00002 0.00021 0.00164 0.00240 0.01368
0.00243 0.02487 0.06726 0.00211 0.00323 0.03364 0.86161 0.00118 0.00265 0.00102
0.00017 0.04044 0.94937 0.00154 0.00078 0.00413 0.00196 0.00027 0.00133 0.00001
0.00040 0.04910 0.00147 0.00249 0.00140 0.00192 0.00023 0.02459 0.00083 0.91756
0.00117 0.00076 0.00128 0.00126 0.00098 0.00498 0.98634 0.00019 0.00287 0.00017
0.00031 0.00000 0.00005 0.00003 0.99832 0.00060 0.00029 0.00018 0.00020 0.00003
0.00002 0.96765 0.00334 0.00026 0.02398 0.00114 0.00106 0.00080 0.00131 0.00042
0.00003 0.00001 0.00019 0.00208 0.00031 0.98929 0.00022 0.00006 0.00755 0.00026
0.01561 0.01587 0.47207 0.20039 0.03354 0.17877 0.03352 0.01046 0.03294 0.00683
0.00015 0.00009 0.00006 0.01719 0.00003 0.97989 0.00156 0.00000 0.00103 0.00000
0.00001 0.00041 0.00007 0.30818 0.00001 0.69119 0.00007 0.00000 0.00005 0.00000
0.00000 0.99816 0.00002 0.00002 0.00008 0.00005 0.00032 0.00003 0.00130 0.00003
0.00379 0.00005 0.00051 0.00025 0.00000 0.21258 0.78280 0.00000 0.00000 0.00000
0.00078 0.00000 0.00017 0.00029 0.99812 0.00027 0.00014 0.00010 0.00002 0.00011
0.00005 0.00001 0.00004 0.00011 0.00001 0.94229 0.00002 0.00011 0.05716 0.00021
0.00100 0.00072 0.00653 0.00155 0.00665 0.94545 0.00383 0.00251 0.02206 0.00971
0.00000 0.99757 0.00004 0.00002 0.00006 0.00003 0.00018 0.00007 0.00201 0.00003
0.99767 0.00004 0.00013 0.00103 0.00014 0.00037 0.00007 0.00005 0.00047 0.00002
0.00004 0.97369 0.00169 0.00043 0.00039 0.00027 0.00008 0.00174 0.02087 0.00079
0.00042 0.00007 0.01848 0.00004 0.00148 0.00005 0.00003 0.00010 0.97925 0.00009
0.00124 0.00010 0.00050 0.00005 0.99319 0.00007 0.00076 0.00019 0.00280 0.00110
0.01114 0.01559 0.04774 0.05792 0.09153 0.02349 0.00762 0.36540 0.06701 0.31256
0.00726 0.00026 0.00213 0.02390 0.00106 0.02015 0.00060 0.00077 0.94119 0.00269
0.00020 0.00002 0.00048 0.00013 0.97445 0.00062 0.01916 0.00032 0.00281 0.00182
0.00038 0.00001 0.00596 0.00000 0.00001 0.00001 0.99364 0.00000 0.00000 0.00000
0.96993 0.00021 0.01071 0.00931 0.00015 0.00049 0.00022 0.00026 0.00857 0.00013
0.00018 0.00005 0.00106 0.00250 0.97881 0.00986 0.00214 0.00105 0.00271 0.00163
0.00012 0.00000 0.00116 0.00322 0.00014 0.00004 0.00000 0.00002 0.99507 0.00024
0.00011 0.00001 0.00086 0.00156 0.99154 0.00095 0.00048 0.00052 0.00182 0.00216
0.00052 0.00006 0.00110 0.00498 0.00060 0.00037 0.00013 0.76643 0.00096 0.22485
0.00014 0.00001 0.00029 0.00309 0.00003 0.00006 0.00001 0.99436 0.00008 0.00192
0.99985 0.00000 0.00000 0.00001 0.00001 0.00009 0.00000 0.00002 0.00001 0.00001
0.65231 0.00654 0.02809 0.04296 0.01481 0.02038 0.03419 0.00899 0.17896 0.01277
0.00392 0.70343 0.00531 0.00627 0.12082 0.00365 0.01221 0.02681 0.06276 0.05481
0.93255 0.00060 0.02201 0.00662 0.00033 0.00391 0.00393 0.00061 0.02781 0.00163
0.02718 0.00610 0.01861 0.17218 0.06814 0.01751 0.00956 0.04200 0.02937 0.60937
0.00166 0.00003 0.91448 0.07451 0.00003 0.00870 0.00003 0.00006 0.00045 0.00005
0.01086 0.00002 0.00204 0.00041 0.00032 0.00136 0.00007 0.00151 0.98228 0.00112
0.10561 0.00285 0.09504 0.00647 0.72270 0.03682 0.01239 0.00362 0.00812 0.00639
0.00002 0.00002 0.00036 0.00001 0.00003 0.00118 0.99831 0.00001 0.00005 0.00001
0.99981 0.00001 0.00012 0.00000 0.00000 0.00005 0.00000 0.00000 0.00001 0.00000
0.00000 0.99939 0.00003 0.00001 0.00011 0.00008 0.00020 0.00005 0.00011 0.00002
0.00000 0.00000 0.99867 0.00035 0.00000 0.00017 0.00074 0.00000 0.00007 0.00000
0.00001 0.00001 0.00210 0.99404 0.00001 0.00058 0.00001 0.00003 0.00318 0.00003
0.00000 0.00000 0.00000 0.00000 0.00000 0.00000 0.99998 0.00000 0.00002 0.00000
0.00000 0.00000 0.00000 0.00000 0.00000 0.00000 0.99998 0.00000 0.00002 0.00000
0.00000 0.00000 0.00007 0.00001 0.00001 0.00064 0.99922 0.00000 0.00004 0.00000
0.04873 0.00048 0.02069 0.89071 0.00254 0.01760 0.01094 0.00100 0.00488 0.00242
0.00003 0.00009 0.00166 0.99451 0.00018 0.00295 0.00030 0.00007 0.00008 0.00012
0.01592 0.00971 0.15826 0.17826 0.08715 0.01708 0.46149 0.02240 0.02889 0.02082
0.99963 0.00000 0.00004 0.00000 0.00000 0.00032 0.00001 0.00000 0.00000 0.00000
0.00361 0.00003 0.00256 0.00001 0.00012 0.00036 0.99327 0.00002 0.00001 0.00001
0.03244 0.00078 0.00750 0.00401 0.00052 0.00959 0.94280 0.00013 0.00214 0.00009
0.00117 0.00001 0.00112 0.00273 0.00030 0.00479 0.00009 0.00021 0.98944 0.00014
0.09716 0.01897 0.33471 0.06414 0.03919 0.20654 0.15439 0.02270 0.04759 0.01461
0.99979 0.00004 0.00005 0.00002 0.00000 0.00001 0.00001 0.00000 0.00008 0.00000
0.00000 0.99931 0.00002 0.00002 0.00004 0.00002 0.00003 0.00014 0.00038 0.00004
0.00159 0.00012 0.00106 0.01357 0.00038 0.00955 0.00045 0.96154 0.00204 0.00970
0.00001 0.00010 0.00012 0.00003 0.00082 0.00004 0.00001 0.00228 0.00004 0.99655
0.00006 0.00006 0.00008 0.00006 0.00134 0.00029 0.00006 0.00531 0.00069 0.99205
0.00001 0.00000 0.00034 0.00090 0.00001 0.00020 0.00002 0.99761 0.00006 0.00085
0.00001 0.00030 0.00009 0.99947 0.00000 0.00002 0.00000 0.00001 0.00010 0.00000
0.00018 0.00001 0.00016 0.00203 0.00002 0.00005 0.00002 0.98923 0.00007 0.00823
0.00028 0.00003 0.00001 0.00013 0.00004 0.00007 0.00002 0.00009 0.00009 0.99923
0.00021 0.00024 0.00024 0.01184 0.00163 0.00044 0.00010 0.00587 0.00177 0.97766
0.00000 0.00001 0.00056 0.00008 0.00004 0.00047 0.99883 0.00000 0.00001 0.00000
0.00028 0.00001 0.00006 0.00000 0.00002 0.00006 0.99957 0.00000 0.00000 0.00000
0.00001 0.00001 0.00011 0.00136 0.00000 0.00003 0.00002 0.99803 0.00014 0.00029
0.00035 0.00011 0.00059 0.00716 0.00504 0.01397 0.00021 0.30101 0.00507 0.66649
0.00297 0.00273 0.01036 0.01253 0.01355 0.09501 0.00339 0.32775 0.01052 0.52119
0.00782 0.00111 0.00265 0.00503 0.03840 0.00608 0.00106 0.88779 0.00263 0.04743
0.00030 0.00021 0.00030 0.00050 0.00450 0.00033 0.00038 0.01122 0.00796 0.97430
0.00007 0.00001 0.00001 0.00007 0.00002 0.00016 0.00005 0.00010 0.00023 0.99928
0.00052 0.00001 0.00011 0.00024 0.00255 0.00114 0.00010 0.98979 0.00036 0.00518
0.09028 0.02655 0.02243 0.13979 0.01885 0.38917 0.08560 0.01642 0.19049 0.02042
0.01005 0.00012 0.00175 0.00012 0.00022 0.00140 0.98619 0.00002 0.00010 0.00003
0.00014 0.00022 0.00263 0.00014 0.00221 0.00003 0.00008 0.00013 0.99418 0.00024
0.00000 0.00000 0.99996 0.00002 0.00001 0.00000 0.00000 0.00000 0.00001 0.00000
0.00000 0.00000 0.00000 0.00000 0.00000 0.00000 0.00000 0.99981 0.00009 0.00010
0.00010 0.00002 0.00030 0.25198 0.00002 0.74509 0.00003 0.00198 0.00012 0.00035
0.00042 0.00060 0.00326 0.00030 0.00016 0.00060 0.99434 0.00013 0.00017 0.00002
0.01054 0.00113 0.00359 0.00177 0.03274 0.00194 0.00144 0.00087 0.94255 0.00344
0.00001 0.99446 0.00027 0.00008 0.00389 0.00019 0.00012 0.00023 0.00043 0.00032
0.99905 0.00003 0.00016 0.00001 0.00000 0.00040 0.00002 0.00001 0.00032 0.00001
0.00000 0.99496 0.00011 0.00002 0.00392 0.00009 0.00024 0.00022 0.00032 0.00011
0.00002 0.98993 0.00038 0.00011 0.00723 0.00101 0.00022 0.00036 0.00041 0.00032
0.00008 0.99433 0.00159 0.00015 0.00091 0.00052 0.00149 0.00035 0.00055 0.00005
0.00167 0.00019 0.00163 0.00053 0.00003 0.00077 0.99514 0.00000 0.00002 0.00000
0.00010 0.00008 0.00315 0.00190 0.00019 0.00013 0.00005 0.99199 0.00036 0.00206
0.00069 0.00251 0.00819 0.00084 0.00107 0.00268 0.98177 0.00045 0.00171 0.00009
0.02975 0.03129 0.06203 0.08639 0.05476 0.27867 0.04321 0.05516 0.30584 0.05291
0.00115 0.00016 0.01354 0.00286 0.00320 0.95637 0.00162 0.00047 0.02031 0.00031
0.99953 0.00008 0.00012 0.00002 0.00001 0.00019 0.00001 0.00001 0.00003 0.00000
0.00075 0.02076 0.00783 0.00369 0.01284 0.00227 0.00137 0.02448 0.00398 0.92203
0.00125 0.00013 0.00019 0.00042 0.99531 0.00011 0.00002 0.00020 0.00015 0.00222
0.00355 0.00742 0.00433 0.01046 0.00893 0.05418 0.00249 0.01250 0.83767 0.05847
0.00000 0.99757 0.00012 0.00005 0.00087 0.00033 0.00044 0.00029 0.00017 0.00014
0.00084 0.00042 0.00772 0.00191 0.00327 0.00387 0.00052 0.00073 0.97338 0.00734
0.00014 0.00003 0.00090 0.00017 0.00020 0.00452 0.99344 0.00003 0.00053 0.00003
0.00001 0.00001 0.00099 0.00010 0.00070 0.00006 0.00004 0.00001 0.99805 0.00004
0.00304 0.00383 0.00627 0.09333 0.00038 0.88209 0.00447 0.00016 0.00631 0.00012
0.96148 0.00019 0.00048 0.00046 0.00029 0.03130 0.00504 0.00020 0.00030 0.00026
0.00000 0.00000 0.00000 0.00000 0.00000 0.00000 0.00000 0.00000 1.00000 0.00000
0.01199 0.00565 0.07545 0.00456 0.06785 0.00419 0.03397 0.09039 0.02537 0.68058
0.99952 0.00002 0.00008 0.00003 0.00001 0.00026 0.00001 0.00002 0.00004 0.00001
0.99888 0.00002 0.00089 0.00000 0.00000 0.00020 0.00001 0.00000 0.00000 0.00000
0.00088 0.00022 0.00109 0.00023 0.00615 0.05814 0.93251 0.00019 0.00047 0.00013
0.00075 0.00000 0.00006 0.00010 0.99878 0.00001 0.00000 0.00021 0.00005 0.00003
0.00060 0.00003 0.00098 0.00016 0.96349 0.00718 0.00010 0.02184 0.00050 0.00512
0.00001 0.98989 0.00041 0.00007 0.00848 0.00020 0.00014 0.00034 0.00025 0.00022
0.00003 0.00017 0.00002 0.99942 0.00010 0.00002 0.00002 0.00015 0.00005 0.00002
0.00001 0.99432 0.00030 0.00007 0.00384 0.00064 0.00013 0.00025 0.00021 0.00023
0.00000 0.00000 0.00000 0.00000 0.00000 0.00000 1.00000 0.00000 0.00000 0.00000
0.00025 0.00009 0.00036 0.00587 0.98394 0.00113 0.00030 0.00216 0.00192 0.00398
0.00005 0.97266 0.00020 0.00014 0.00026 0.00011 0.00068 0.00006 0.02574 0.00009
0.00033 0.00000 0.00047 0.00003 0.99544 0.00056 0.00275 0.00015 0.00006 0.00021
0.00000 0.99862 0.00007 0.00001 0.00063 0.00009 0.00007 0.00007 0.00039 0.00005
0.01668 0.01661 0.15307 0.06335 0.07691 0.03170 0.03400 0.13456 0.27389 0.19923
0.97027 0.00018 0.00577 0.00497 0.00248 0.00956 0.00223 0.00123 0.00168 0.00164
0.07529 0.00708 0.08062 0.03267 0.00869 0.65339 0.06168 0.00820 0.06337 0.00902
0.00010 0.00025 0.99660 0.00015 0.00093 0.00040 0.00013 0.00127 0.00006 0.00010
0.00179 0.00028 0.01119 0.00163 0.92139 0.00408 0.00701 0.04449 0.00534 0.00280
0.00602 0.33991 0.02541 0.03331 0.01929 0.01037 0.00582 0.30982 0.04945 0.20060
0.97810 0.00030 0.00188 0.00003 0.00000 0.01954 0.00002 0.00001 0.00012 0.00000
0.99923 0.00006 0.00014 0.00001 0.00000 0.00048 0.00000 0.00000 0.00006 0.00000
0.99744 0.00014 0.00194 0.00000 0.00002 0.00040 0.00004 0.00001 0.00001 0.00000
0.00003 0.99202 0.00036 0.00019 0.00519 0.00074 0.00020 0.00046 0.00025 0.00056
0.00000 0.99919 0.00003 0.00001 0.00004 0.00006 0.00010 0.00007 0.00049 0.00002
0.99890 0.00003 0.00005 0.00000 0.00000 0.00095 0.00007 0.00000 0.00000 0.00000
0.99966 0.00013 0.00005 0.00000 0.00000 0.00014 0.00001 0.00000 0.00000 0.00000
0.00000 0.99877 0.00002 0.00001 0.00010 0.00002 0.00002 0.00007 0.00095 0.00003
0.00977 0.00489 0.67016 0.00721 0.01926 0.00789 0.01318 0.07012 0.18988 0.00764
0.00000 0.99880 0.00005 0.00001 0.00062 0.00016 0.00005 0.00014 0.00009 0.00008
0.98915 0.00002 0.00004 0.00002 0.00007 0.00005 0.01056 0.00006 0.00000 0.00003
0.99876 0.00001 0.00000 0.00000 0.00009 0.00083 0.00031 0.00000 0.00000 0.00000
0.99926 0.00001 0.00024 0.00001 0.00003 0.00022 0.00022 0.00001 0.00001 0.00001
0.00012 0.00006 0.00552 0.01116 0.00058 0.00026 0.00005 0.97697 0.00066 0.00462
0.00000 0.99482 0.00019 0.00004 0.00374 0.00047 0.00008 0.00024 0.00026 0.00015
0.99957 0.00000 0.00024 0.00000 0.00002 0.00011 0.00002 0.00000 0.00002 0.00001
0.99984 0.00000 0.00002 0.00000 0.00001 0.00010 0.00002 0.00000 0.00000 0.00000
0.00000 0.99753 0.00012 0.00004 0.00077 0.00013 0.00002 0.00018 0.00100 0.00022
0.00003 0.00002 0.00033 0.00102 0.00001 0.00008 0.00001 0.99542 0.00021 0.00288
0.00081 0.89407 0.00355 0.00475 0.00817 0.00452 0.00121 0.01256 0.01321 0.05715
0.99923 0.00000 0.00003 0.00015 0.00001 0.00042 0.00013 0.00000 0.00001 0.00000
0.99737 0.00000 0.00004 0.00002 0.00001 0.00245 0.00011 0.00000 0.00000 0.00000
0.00069 0.00103 0.95779 0.00303 0.00706 0.00098 0.00379 0.00466 0.02051 0.00045
0.92340 0.00065 0.00273 0.00190 0.00116 0.06113 0.00648 0.00074 0.00103 0.00078
0.00000 0.99942 0.00004 0.00001 0.00015 0.00002 0.00004 0.00006 0.00024 0.00001
0.00027 0.00279 0.00243 0.95193 0.00029 0.03335 0.00028 0.00104 0.00732 0.00032
0.00012 0.00003 0.00063 0.00031 0.00179 0.00012 0.00001 0.00618 0.00006 0.99075
0.03464 0.02599 0.07621 0.27791 0.03589 0.05008 0.04495 0.12352 0.28465 0.04616
0.00000 0.99956 0.00002 0.00001 0.00011 0.00001 0.00001 0.00006 0.00019 0.00003
0.99961 0.00000 0.00000 0.00000 0.00000 0.00039 0.00000 0.00000 0.00000 0.00000
0.00000 0.99887 0.00003 0.00001 0.00007 0.00002 0.00001 0.00021 0.00067 0.00010
0.99977 0.00003 0.00001 0.00000 0.00000 0.00018 0.00002 0.00000 0.00000 0.00000
0.00036 0.00006 0.01984 0.00005 0.00074 0.00005 0.00003 0.00001 0.97883 0.00003
0.00000 0.99861 0.00006 0.00001 0.00092 0.00003 0.00003 0.00013 0.00016 0.00006
0.99988 0.00001 0.00000 0.00000 0.00000 0.00011 0.00000 0.00000 0.00000 0.00000
0.00000 0.99920 0.00003 0.00001 0.00017 0.00001 0.00002 0.00008 0.00045 0.00003
0.99930 0.00001 0.00001 0.00000 0.00000 0.00068 0.00001 0.00000 0.00000 0.00000
0.00000 0.99932 0.00002 0.00001 0.00024 0.00001 0.00002 0.00008 0.00024 0.00006
0.00072 0.97486 0.00463 0.00031 0.00034 0.00091 0.00912 0.00046 0.00858 0.00005
0.99998 0.00000 0.00000 0.00000 0.00000 0.00001 0.00000 0.00000 0.00000 0.00000
0.99379 0.00007 0.00002 0.00001 0.00025 0.00041 0.00540 0.00000 0.00005 0.00001
0.99996 0.00001 0.00000 0.00000 0.00000 0.00001 0.00001 0.00000 0.00001 0.00000
0.00000 0.99892 0.00003 0.00001 0.00065 0.00011 0.00004 0.00008 0.00009 0.00007
0.00002 0.99380 0.00037 0.00015 0.00364 0.00099 0.00009 0.00025 0.00025 0.00043
0.99976 0.00000 0.00001 0.00001 0.00001 0.00001 0.00019 0.00000 0.00000 0.00001
0.00000 0.99855 0.00005 0.00002 0.00084 0.00011 0.00004 0.00008 0.00022 0.00009
0.00079 0.00003 0.00005 0.00001 0.00004 0.00030 0.99874 0.00000 0.00004 0.00001
0.00000 0.00001 0.00063 0.99893 0.00001 0.00012 0.00000 0.00005 0.00019 0.00006
0.00001 0.99486 0.00030 0.00009 0.00299 0.00071 0.00018 0.00013 0.00058 0.00015
0.99863 0.00001 0.00124 0.00005 0.00001 0.00003 0.00000 0.00000 0.00003 0.00000
0.99880 0.00001 0.00078 0.00008 0.00003 0.00027 0.00003 0.00000 0.00000 0.00000
0.00566 0.00011 0.91432 0.00074 0.00140 0.00107 0.00275 0.07212 0.00140 0.00042
0.00046 0.00001 0.99152 0.00014 0.00090 0.00025 0.00040 0.00599 0.00025 0.00008
0.00018 0.96442 0.00038 0.00038 0.00308 0.00012 0.00025 0.00071 0.03037 0.00011
0.99991 0.00000 0.00004 0.00000 0.00000 0.00000 0.00000 0.00002 0.00001 0.00000
0.99998 0.00000 0.00000 0.00000 0.00000 0.00000 0.00000 0.00000 0.00001 0.00000
0.00002 0.00001 0.99714 0.00020 0.00066 0.00157 0.00028 0.00001 0.00007 0.00004
0.00004 0.98794 0.00025 0.00014 0.00068 0.00007 0.00006 0.00075 0.00983 0.00026
0.00000 0.99901 0.00005 0.00002 0.00041 0.00018 0.00004 0.00011 0.00011 0.00007
0.99906 0.00000 0.00042 0.00004 0.00002 0.00001 0.00007 0.00011 0.00015 0.00012
0.99867 0.00002 0.00027 0.00006 0.00026 0.00011 0.00031 0.00012 0.00008 0.00009
0.00152 0.00016 0.00077 0.14104 0.00454 0.84445 0.00112 0.00023 0.00565 0.00052
0.00032 0.00001 0.00008 0.00035 0.98618 0.00025 0.00030 0.00062 0.00034 0.01156
0.00003 0.97622 0.00142 0.00029 0.01523 0.00127 0.00037 0.00060 0.00428 0.00028
0.19101 0.03657 0.11026 0.06970 0.07102 0.05694 0.20260 0.01601 0.22444 0.02145
0.99969 0.00000 0.00000 0.00000 0.00000 0.00031 0.00000 0.00000 0.00000 0.00000
0.00070 0.95284 0.00307 0.00153 0.00486 0.00059 0.00575 0.00059 0.02997 0.00010
0.99940 0.00002 0.00000 0.00000 0.00058 0.00000 0.00000 0.00000 0.00000 0.00000
0.00703 0.76104 0.01694 0.00327 0.00148 0.00299 0.18487 0.00037 0.02180 0.00022
0.99999 0.00000 0.00000 0.00000 0.00000 0.00000 0.00000 0.00000 0.00000 0.00000
0.99998 0.00000 0.00000 0.00000 0.00000 0.00001 0.00000 0.00000 0.00000 0.00000
0.99999 0.00000 0.00000 0.00000 0.00000 0.00000 0.00000 0.00000 0.00000 0.00000
0.00000 0.00001 0.00053 0.99233 0.00001 0.00706 0.00000 0.00003 0.00000 0.00003
0.00000 0.99858 0.00008 0.00003 0.00057 0.00002 0.00002 0.00017 0.00044 0.00009
0.99998 0.00000 0.00001 0.00000 0.00000 0.00000 0.00000 0.00000 0.00000 0.00000
0.99976 0.00000 0.00003 0.00001 0.00001 0.00009 0.00005 0.00002 0.00001 0.00001
0.00000 0.00000 0.00000 0.99985 0.00000 0.00014 0.00000 0.00000 0.00000 0.00000
0.00714 0.00006 0.07508 0.00058 0.00538 0.00309 0.90813 0.00020 0.00017 0.00016
0.00570 0.00400 0.08072 0.02234 0.04314 0.00378 0.00516 0.03616 0.78432 0.01468
0.00095 0.00020 0.00048 0.00382 0.00715 0.00444 0.00031 0.00234 0.00128 0.97904
0.00006 0.99176 0.00087 0.00020 0.00384 0.00146 0.00031 0.00073 0.00032 0.00045
0.20500 0.08825 0.17824 0.03439 0.02579 0.04296 0.32804 0.02294 0.06544 0.00894
0.00759 0.00069 0.01640 0.02634 0.00126 0.84489 0.00088 0.06121 0.00528 0.03545
0.00106 0.00005 0.00257 0.00015 0.00017 0.00010 0.00025 0.00002 0.99560 0.00004
0.00007 0.00013 0.00011 0.00022 0.00087 0.00045 0.00016 0.00775 0.00129 0.98895
0.00000 0.99859 0.00003 0.00001 0.00080 0.00017 0.00004 0.00007 0.00021 0.00006
0.99864 0.00001 0.00082 0.00012 0.00004 0.00013 0.00017 0.00003 0.00004 0.00001
0.00001 0.00001 0.00161 0.00008 0.00019 0.00002 0.00002 0.00200 0.99567 0.00040
0.52390 0.00719 0.01853 0.00729 0.00350 0.06234 0.00735 0.00427 0.35505 0.01058
0.99812 0.00005 0.00013 0.00005 0.00018 0.00022 0.00108 0.00008 0.00003 0.00006
0.00014 0.00019 0.00059 0.98142 0.00083 0.00664 0.00018 0.00088 0.00435 0.00478
0.99841 0.00002 0.00048 0.00019 0.00007 0.00026 0.00039 0.00008 0.00006 0.00004
0.00052 0.00038 0.93838 0.02741 0.00074 0.02072 0.00044 0.00040 0.01063 0.00038
0.00448 0.00034 0.00346 0.06327 0.00769 0.90939 0.00069 0.00267 0.00678 0.00124
0.00009 0.00016 0.00317 0.00108 0.00109 0.00078 0.00005 0.98152 0.00072 0.01134
0.00005 0.99011 0.00081 0.00019 0.00540 0.00174 0.00030 0.00068 0.00036 0.00036
0.00010 0.98126 0.00155 0.00043 0.00993 0.00267 0.00108 0.00143 0.00058 0.00097
0.00100 0.00012 0.00857 0.01270 0.00214 0.00290 0.00016 0.89187 0.00067 0.07986
0.99998 0.00000 0.00000 0.00000 0.00000 0.00001 0.00000 0.00000 0.00000 0.00000
0.00000 0.00000 1.00000 0.00000 0.00000 0.00000 0.00000 0.00000 0.00000 0.00000
0.00001 0.00000 0.00025 0.00392 0.00005 0.00026 0.00000 0.00003 0.99535 0.00012
0.00000 0.00000 0.00000 0.00000 0.00000 0.00000 0.00000 0.00000 0.99999 0.00001
0.00003 0.00001 0.00006 0.00006 0.00017 0.00006 0.00001 0.99690 0.00034 0.00236
0.99988 0.00000 0.00000 0.00000 0.00000 0.00010 0.00001 0.00000 0.00000 0.00000
0.00009 0.00000 0.00081 0.00003 0.99875 0.00012 0.00010 0.00001 0.00002 0.00007
0.00000 0.00000 0.00000 0.00000 0.00000 0.00000 0.00000 0.00000 0.00000 1.00000
0.00000 0.00000 0.00000 0.00000 0.00000 0.99999 0.00001 0.00000 0.00000 0.00000
0.95890 0.00039 0.02491 0.00127 0.00009 0.01293 0.00018 0.00037 0.00082 0.00014
0.00000 0.00000 0.99948 0.00000 0.00000 0.00000 0.00000 0.00000 0.00050 0.00001
0.00106 0.00149 0.02875 0.01167 0.00217 0.00407 0.00126 0.00400 0.94411 0.00142
0.00008 0.00002 0.00747 0.00512 0.00002 0.00088 0.00002 0.00003 0.98621 0.00015
0.00079 0.00084 0.00709 0.00616 0.09724 0.00119 0.00051 0.01036 0.00582 0.87002
0.00145 0.11606 0.00302 0.00621 0.00510 0.00511 0.00089 0.01681 0.00678 0.83856
0.00004 0.00059 0.00076 0.00008 0.00004 0.00180 0.99579 0.00002 0.00088 0.00001
0.00138 0.03264 0.00177 0.00910 0.00625 0.00298 0.00123 0.05077 0.02489 0.86898
0.00012 0.00006 0.99006 0.00240 0.00210 0.00392 0.00014 0.00009 0.00104 0.00008
0.99998 0.00000 0.00000 0.00000 0.00001 0.00000 0.00000 0.00000 0.00000 0.00000
0.00032 0.00017 0.00952 0.00922 0.00028 0.00049 0.00009 0.01769 0.00236 0.95986
0.00001 0.00000 0.00026 0.00088 0.00002 0.00001 0.00000 0.99862 0.00002 0.00018
0.41516 0.00009 0.57785 0.00325 0.00001 0.00167 0.00170 0.00002 0.00022 0.00002
0.99688 0.00016 0.00086 0.00034 0.00000 0.00170 0.00001 0.00003 0.00002 0.00001
0.00003 0.00014 0.00080 0.00013 0.00019 0.00153 0.00179 0.00016 0.99458 0.00065
0.00178 0.00018 0.00329 0.00212 0.01720 0.00038 0.00007 0.00869 0.00034 0.96595
0.00388 0.00006 0.00088 0.00168 0.00612 0.00167 0.00057 0.71763 0.00351 0.26401
0.16324 0.01618 0.02953 0.07944 0.46426 0.08978 0.07492 0.01761 0.04266 0.02240
0.00061 0.00055 0.00195 0.00325 0.03742 0.00070 0.00035 0.93675 0.00269 0.01573
0.00011 0.00003 0.00021 0.00017 0.00166 0.98951 0.00718 0.00024 0.00075 0.00013
0.00126 0.00168 0.00422 0.00120 0.07944 0.00120 0.00137 0.17160 0.00323 0.73480
0.00016 0.00006 0.00383 0.00690 0.00167 0.00009 0.00008 0.77985 0.00121 0.20616
0.02057 0.00469 0.00623 0.04893 0.03051 0.01518 0.01151 0.00428 0.81250 0.04560
0.99970 0.00000 0.00016 0.00000 0.00002 0.00010 0.00000 0.00001 0.00000 0.00000
0.00002 0.99539 0.00027 0.00009 0.00281 0.00045 0.00018 0.00028 0.00017 0.00033
0.00021 0.00036 0.00121 0.00063 0.00571 0.00010 0.00032 0.00353 0.00438 0.98356
0.00022 0.00076 0.00015 0.00008 0.00001 0.00082 0.99770 0.00004 0.00021 0.00002
0.00031 0.00329 0.00091 0.03197 0.00008 0.95861 0.00049 0.00012 0.00411 0.00011
0.00293 0.00288 0.87384 0.01378 0.01174 0.03798 0.00293 0.00512 0.02966 0.01913
0.00005 0.00010 0.00009 0.00031 0.98275 0.00057 0.00004 0.00881 0.00425 0.00303
0.99964 0.00000 0.00001 0.00002 0.00008 0.00001 0.00000 0.00002 0.00010 0.00013
0.99348 0.00003 0.00074 0.00000 0.00049 0.00005 0.00035 0.00006 0.00478 0.00001
0.09279 0.02501 0.03477 0.03485 0.39900 0.04892 0.04023 0.05729 0.09225 0.17490
0.00012 0.00004 0.00011 0.00005 0.98190 0.00028 0.00001 0.00187 0.00498 0.01063
0.00252 0.00074 0.03695 0.00144 0.85624 0.01718 0.05870 0.00512 0.01285 0.00827
0.00765 0.00394 0.16462 0.01174 0.01467 0.01008 0.00896 0.01087 0.74622 0.02126
0.00786 0.00346 0.45246 0.01048 0.00615 0.01834 0.00658 0.00559 0.47212 0.01698
0.00517 0.00369 0.43795 0.01028 0.01452 0.02010 0.00882 0.00484 0.48397 0.01066
